,mean_fit_time,std_fit_time,mean_score_time,std_score_time,param_act,param_batch_size,param_decay,param_dropout,param_epochs,param_lr,param_nl1,param_nl2,param_nl3,param_nn1,param_nn2,param_nn3,params,split0_test_score,split1_test_score,split2_test_score,mean_test_score,std_test_score,rank_test_score
0,5.032001813252767,0.12299654049867705,0.15866756439208984,0.057517035150196405,relu,50,1e-06,0,10,0.01,0,1,0,7,7,0,"{'act': 'relu', 'batch_size': 50, 'decay': 1e-06, 'dropout': 0, 'epochs': 10, 'lr': 0.01, 'nl1': 0, 'nl2': 1, 'nl3': 0, 'nn1': 7, 'nn2': 7, 'nn3': 0}",-1.3360461173279077,-1.8276797829036635,-1.0820895522388059,-1.4152628603730921,0.30948188034536867,36
1,5.075333595275879,0.025938577221663723,0.1983342965443929,0.08073078703237474,relu,50,1e-06,0,10,0.01,0,1,0,7,8,0,"{'act': 'relu', 'batch_size': 50, 'decay': 1e-06, 'dropout': 0, 'epochs': 10, 'lr': 0.01, 'nl1': 0, 'nl2': 1, 'nl3': 0, 'nn1': 7, 'nn2': 8, 'nn3': 0}",-1.2380467955239065,-1.852103120759837,-1.1536635006784262,-1.414584511023177,0.3112585102855708,35
2,5.372996966044108,0.0841973482020481,0.18100078900655112,0.03960685906268526,relu,50,1e-06,0,10,0.01,0,1,0,8,7,0,"{'act': 'relu', 'batch_size': 50, 'decay': 1e-06, 'dropout': 0, 'epochs': 10, 'lr': 0.01, 'nl1': 0, 'nl2': 1, 'nl3': 0, 'nn1': 8, 'nn2': 7, 'nn3': 0}",-1.26314004747372,-1.883989145183175,-1.367706919945726,-1.5049180327868852,0.2713996042088387,66
3,5.031999588012695,0.309784678596683,0.2773342927296956,0.09191379695036073,relu,50,1e-06,0,10,0.01,0,1,0,8,8,0,"{'act': 'relu', 'batch_size': 50, 'decay': 1e-06, 'dropout': 0, 'epochs': 10, 'lr': 0.01, 'nl1': 0, 'nl2': 1, 'nl3': 0, 'nn1': 8, 'nn2': 8, 'nn3': 0}",-1.2322821295354358,-1.8490502035278156,-1.0970149253731343,-1.3927642736009045,0.32730792922668445,29
4,5.226999044418335,0.1655688788557376,0.19466598828633627,0.02368283719732585,relu,50,1e-06,0,10,0.01,0,1,0,9,7,0,"{'act': 'relu', 'batch_size': 50, 'decay': 1e-06, 'dropout': 0, 'epochs': 10, 'lr': 0.01, 'nl1': 0, 'nl2': 1, 'nl3': 0, 'nn1': 9, 'nn2': 7, 'nn3': 0}",-1.3374025093251949,-1.7255766621438262,-1.2706919945725916,-1.444544940644432,0.20056040259399224,45
5,4.932665586471558,0.09114842798278454,0.36133408546447754,0.06171229264070274,relu,50,1e-06,0,10,0.01,0,1,0,9,8,0,"{'act': 'relu', 'batch_size': 50, 'decay': 1e-06, 'dropout': 0, 'epochs': 10, 'lr': 0.01, 'nl1': 0, 'nl2': 1, 'nl3': 0, 'nn1': 9, 'nn2': 8, 'nn3': 0}",-1.1447948457104102,-1.5542740841248304,-1.1808005427408412,-1.2932730356133408,0.1851244940313245,8
6,6.0113333861033125,0.36144140529626206,0.29199997584025067,0.08065886451479848,relu,50,1e-06,0,10,0.01,1,1,0,7,7,0,"{'act': 'relu', 'batch_size': 50, 'decay': 1e-06, 'dropout': 0, 'epochs': 10, 'lr': 0.01, 'nl1': 1, 'nl2': 1, 'nl3': 0, 'nn1': 7, 'nn2': 7, 'nn3': 0}",-1.3645303492709393,-1.7276119402985075,-1.3042740841248304,-1.4654607122668175,0.1869785459602556,51
7,5.765666484832764,0.11192213330765187,0.3240012327829997,0.022992790023859913,relu,50,1e-06,0,10,0.01,1,1,0,7,8,0,"{'act': 'relu', 'batch_size': 50, 'decay': 1e-06, 'dropout': 0, 'epochs': 10, 'lr': 0.01, 'nl1': 1, 'nl2': 1, 'nl3': 0, 'nn1': 7, 'nn2': 8, 'nn3': 0}",-1.2383858935232281,-1.7140434192673,-1.4721845318860245,-1.4748445449406444,0.1942009648171483,53
8,6.259999752044678,0.46089788454152175,0.37600088119506836,0.04931487049168298,relu,50,1e-06,0,10,0.01,1,1,0,8,7,0,"{'act': 'relu', 'batch_size': 50, 'decay': 1e-06, 'dropout': 0, 'epochs': 10, 'lr': 0.01, 'nl1': 1, 'nl2': 1, 'nl3': 0, 'nn1': 8, 'nn2': 7, 'nn3': 0}",-1.1997287216005426,-1.610922659430122,-1.2961329715061058,-1.3689089881288863,0.17558300931997683,18
9,6.4020005861918134,0.41816010935567216,0.4050001303354899,0.08846358055427475,relu,50,1e-06,0,10,0.01,1,1,0,8,8,0,"{'act': 'relu', 'batch_size': 50, 'decay': 1e-06, 'dropout': 0, 'epochs': 10, 'lr': 0.01, 'nl1': 1, 'nl2': 1, 'nl3': 0, 'nn1': 8, 'nn2': 8, 'nn3': 0}",-1.1929467616141065,-1.8219131614654003,-1.112279511533243,-1.3756924816280385,0.3172131152415459,21
10,6.238665580749512,0.10725265190407508,0.5226671695709229,0.062167846043882716,relu,50,1e-06,0,10,0.01,1,1,0,9,7,0,"{'act': 'relu', 'batch_size': 50, 'decay': 1e-06, 'dropout': 0, 'epochs': 10, 'lr': 0.01, 'nl1': 1, 'nl2': 1, 'nl3': 0, 'nn1': 9, 'nn2': 7, 'nn3': 0}",-1.096982027806036,-1.7418588873812755,-1.0264586160108549,-1.2884115319389486,0.3218987268680866,7
11,6.98533296585083,0.39100909489195257,0.4680008888244629,0.09616646426508899,relu,50,1e-06,0,10,0.01,1,1,0,9,8,0,"{'act': 'relu', 'batch_size': 50, 'decay': 1e-06, 'dropout': 0, 'epochs': 10, 'lr': 0.01, 'nl1': 1, 'nl2': 1, 'nl3': 0, 'nn1': 9, 'nn2': 8, 'nn3': 0}",-1.13157002373686,-1.7757801899592944,-1.1594301221166894,-1.355568117580554,0.2973272481794834,15
12,6.249998728434245,0.41255150419963876,0.4916675090789795,0.08723300802903217,relu,50,1e-06,0,10,0.001,0,1,0,7,7,0,"{'act': 'relu', 'batch_size': 50, 'decay': 1e-06, 'dropout': 0, 'epochs': 10, 'lr': 0.001, 'nl1': 0, 'nl2': 1, 'nl3': 0, 'nn1': 7, 'nn2': 7, 'nn3': 0}",-1.7694133604611733,-1.9023066485753053,-1.5264586160108549,-1.7327303561334086,0.1556085208564625,93
13,5.775997877120972,0.061821489647862056,0.5150005022684733,0.09859274546205579,relu,50,1e-06,0,10,0.001,0,1,0,7,8,0,"{'act': 'relu', 'batch_size': 50, 'decay': 1e-06, 'dropout': 0, 'epochs': 10, 'lr': 0.001, 'nl1': 0, 'nl2': 1, 'nl3': 0, 'nn1': 7, 'nn2': 8, 'nn3': 0}",-1.5103424889793151,-1.7920624151967435,-1.672998643147897,-1.6584511023176935,0.11547394093516666,84
14,5.986000140508016,0.2832007272438369,0.6103339989980062,0.1540824774649159,relu,50,1e-06,0,10,0.001,0,1,0,8,7,0,"{'act': 'relu', 'batch_size': 50, 'decay': 1e-06, 'dropout': 0, 'epochs': 10, 'lr': 0.001, 'nl1': 0, 'nl2': 1, 'nl3': 0, 'nn1': 8, 'nn2': 7, 'nn3': 0}",-1.557138012885724,-1.9080732700135685,-1.448100407055631,-1.6377614471452797,0.19623886108934444,81
15,6.017333030700684,0.32306948837611205,0.4723331133524577,0.027353418423859837,relu,50,1e-06,0,10,0.001,0,1,0,8,8,0,"{'act': 'relu', 'batch_size': 50, 'decay': 1e-06, 'dropout': 0, 'epochs': 10, 'lr': 0.001, 'nl1': 0, 'nl2': 1, 'nl3': 0, 'nn1': 8, 'nn2': 8, 'nn3': 0}",-1.5879959308240081,-1.8599050203527816,-1.460651289009498,-1.6361786319954776,0.16650955964030548,79
16,5.803666750590007,0.0961813371017264,0.6309998830159506,0.029530611593437776,relu,50,1e-06,0,10,0.001,0,1,0,9,7,0,"{'act': 'relu', 'batch_size': 50, 'decay': 1e-06, 'dropout': 0, 'epochs': 10, 'lr': 0.001, 'nl1': 0, 'nl2': 1, 'nl3': 0, 'nn1': 9, 'nn2': 7, 'nn3': 0}",-1.7453374025093251,-1.7354138398914518,-1.5030529172320217,-1.6612775579423402,0.11194556511011987,85
17,6.377665837605794,0.39589611027623817,0.6140003204345703,0.12406430878404934,relu,50,1e-06,0,10,0.001,0,1,0,9,8,0,"{'act': 'relu', 'batch_size': 50, 'decay': 1e-06, 'dropout': 0, 'epochs': 10, 'lr': 0.001, 'nl1': 0, 'nl2': 1, 'nl3': 0, 'nn1': 9, 'nn2': 8, 'nn3': 0}",-1.6252967107494065,-1.9457259158751696,-1.4884667571234735,-1.6864895421141888,0.19161584738821202,91
18,6.569000323613484,0.16952439028344374,0.6059999465942383,0.04864120652966193,relu,50,1e-06,0,10,0.001,1,1,0,7,7,0,"{'act': 'relu', 'batch_size': 50, 'decay': 1e-06, 'dropout': 0, 'epochs': 10, 'lr': 0.001, 'nl1': 1, 'nl2': 1, 'nl3': 0, 'nn1': 7, 'nn2': 7, 'nn3': 0}",-1.6941336046117328,-1.8327679782903663,-1.764246947082768,-1.7637083097795365,0.05660012620137646,94
19,7.044665654500325,0.511684309436877,0.7660010655721029,0.05004007033412433,relu,50,1e-06,0,10,0.001,1,1,0,7,8,0,"{'act': 'relu', 'batch_size': 50, 'decay': 1e-06, 'dropout': 0, 'epochs': 10, 'lr': 0.001, 'nl1': 1, 'nl2': 1, 'nl3': 0, 'nn1': 7, 'nn2': 8, 'nn3': 0}",-1.6242794167514412,-1.8880597014925373,-1.4996607869742198,-1.6706613906161674,0.1619118655722634,88
20,7.283333619435628,0.370891809368266,0.6996662616729736,0.1317480265823558,relu,50,1e-06,0,10,0.001,1,1,0,8,7,0,"{'act': 'relu', 'batch_size': 50, 'decay': 1e-06, 'dropout': 0, 'epochs': 10, 'lr': 0.001, 'nl1': 1, 'nl2': 1, 'nl3': 0, 'nn1': 8, 'nn2': 7, 'nn3': 0}",-1.5072906069854188,-1.8670284938941655,-1.3616010854816825,-1.578631995477671,0.2124076050820993,75
21,6.943332751592,0.24801135801122823,0.7463332017262777,0.051279182181633125,relu,50,1e-06,0,10,0.001,1,1,0,8,8,0,"{'act': 'relu', 'batch_size': 50, 'decay': 1e-06, 'dropout': 0, 'epochs': 10, 'lr': 0.001, 'nl1': 1, 'nl2': 1, 'nl3': 0, 'nn1': 8, 'nn2': 8, 'nn3': 0}",-1.4611732790776535,-1.7747625508819538,-1.478629579375848,-1.5715093273035614,0.1438861480468236,74
22,7.38100020090739,0.3053008875981959,0.8060003121693929,0.1526627849872049,relu,50,1e-06,0,10,0.001,1,1,0,9,7,0,"{'act': 'relu', 'batch_size': 50, 'decay': 1e-06, 'dropout': 0, 'epochs': 10, 'lr': 0.001, 'nl1': 1, 'nl2': 1, 'nl3': 0, 'nn1': 9, 'nn2': 7, 'nn3': 0}",-1.5093251949813495,-1.8843283582089552,-1.5016960651289009,-1.631769361221029,0.1785981978754876,78
23,7.557000239690145,0.4110470309295151,0.7416670322418213,0.03209822001377184,relu,50,1e-06,0,10,0.001,1,1,0,9,8,0,"{'act': 'relu', 'batch_size': 50, 'decay': 1e-06, 'dropout': 0, 'epochs': 10, 'lr': 0.001, 'nl1': 1, 'nl2': 1, 'nl3': 0, 'nn1': 9, 'nn2': 8, 'nn3': 0}",-1.3397761953204477,-1.7204884667571234,-1.289348710990502,-1.4498586772187676,0.19245227284525862,46
24,13.364999055862427,0.05990538842617423,0.9939999580383301,0.1853236912566785,relu,50,1e-06,0,30,0.01,0,1,0,7,7,0,"{'act': 'relu', 'batch_size': 50, 'decay': 1e-06, 'dropout': 0, 'epochs': 30, 'lr': 0.01, 'nl1': 0, 'nl2': 1, 'nl3': 0, 'nn1': 7, 'nn2': 7, 'nn3': 0}",-1.282129535435741,-1.8924694708276797,-1.0722523744911805,-1.4156020350480498,0.3478847697439518,37
25,14.574000597000122,0.9149936481792911,0.96500031153361,0.17190923222494922,relu,50,1e-06,0,30,0.01,0,1,0,7,8,0,"{'act': 'relu', 'batch_size': 50, 'decay': 1e-06, 'dropout': 0, 'epochs': 30, 'lr': 0.01, 'nl1': 0, 'nl2': 1, 'nl3': 0, 'nn1': 7, 'nn2': 8, 'nn3': 0}",-1.1074940657850119,-1.614314789687924,-1.4311397557666214,-1.3842849067269645,0.2095498242432416,26
26,14.801999568939209,1.0458789608630443,1.0326669216156006,0.09880082406482997,relu,50,1e-06,0,30,0.01,0,1,0,8,7,0,"{'act': 'relu', 'batch_size': 50, 'decay': 1e-06, 'dropout': 0, 'epochs': 30, 'lr': 0.01, 'nl1': 0, 'nl2': 1, 'nl3': 0, 'nn1': 8, 'nn2': 7, 'nn3': 0}",-1.245506951508986,-1.7228629579375847,-1.1424694708276797,-1.3702656868287169,0.2528268778155655,19
27,17.099828561147053,0.5739531295033283,1.3369141419728596,0.41752576334765623,relu,50,1e-06,0,30,0.01,0,1,0,8,8,0,"{'act': 'relu', 'batch_size': 50, 'decay': 1e-06, 'dropout': 0, 'epochs': 30, 'lr': 0.01, 'nl1': 0, 'nl2': 1, 'nl3': 0, 'nn1': 8, 'nn2': 8, 'nn3': 0}",-1.297728043404544,-1.7109905020352782,-1.0298507462686568,-1.346184284906727,0.2801622520413751,13
28,18.558161815007526,1.833612352628846,1.4319997628529866,0.5120481582078369,relu,50,1e-06,0,30,0.01,0,1,0,9,7,0,"{'act': 'relu', 'batch_size': 50, 'decay': 1e-06, 'dropout': 0, 'epochs': 30, 'lr': 0.01, 'nl1': 0, 'nl2': 1, 'nl3': 0, 'nn1': 9, 'nn2': 7, 'nn3': 0}",-1.243811461512377,-1.8076662143826323,-1.0603799185888738,-1.3706048615036743,0.3179674330789836,20
29,16.574333429336548,0.6672211160159551,1.0300015608469646,0.0989942368045941,relu,50,1e-06,0,30,0.01,0,1,0,9,8,0,"{'act': 'relu', 'batch_size': 50, 'decay': 1e-06, 'dropout': 0, 'epochs': 30, 'lr': 0.01, 'nl1': 0, 'nl2': 1, 'nl3': 0, 'nn1': 9, 'nn2': 8, 'nn3': 0}",-1.1793828416412344,-1.7483039348710991,-1.1085481682496607,-1.345392877331826,0.2863410579818283,12
30,17.728666305541992,0.28384393773103556,1.399666468302409,0.2668444908720918,relu,50,1e-06,0,30,0.01,1,1,0,7,7,0,"{'act': 'relu', 'batch_size': 50, 'decay': 1e-06, 'dropout': 0, 'epochs': 30, 'lr': 0.01, 'nl1': 1, 'nl2': 1, 'nl3': 0, 'nn1': 7, 'nn2': 7, 'nn3': 0}",-1.2170227195659546,-1.7567842605156039,-1.4056987788331072,-1.459807801017524,0.22365928381767394,48
31,18.5493323802948,1.6895428701485895,1.106667121251424,0.14153864012763512,relu,50,1e-06,0,30,0.01,1,1,0,7,8,0,"{'act': 'relu', 'batch_size': 50, 'decay': 1e-06, 'dropout': 0, 'epochs': 30, 'lr': 0.01, 'nl1': 1, 'nl2': 1, 'nl3': 0, 'nn1': 7, 'nn2': 8, 'nn3': 0}",-1.2604272634791456,-1.8113975576662145,-1.2347354138398914,-1.4355002826455625,0.2659838682944605,43
32,16.783332188924152,0.3380927442066399,1.0496665636698406,0.09776641094419256,relu,50,1e-06,0,30,0.01,1,1,0,8,7,0,"{'act': 'relu', 'batch_size': 50, 'decay': 1e-06, 'dropout': 0, 'epochs': 30, 'lr': 0.01, 'nl1': 1, 'nl2': 1, 'nl3': 0, 'nn1': 8, 'nn2': 7, 'nn3': 0}",-1.159376059681248,-1.5505427408412482,-1.3853459972862958,-1.365065008479367,0.1603401404909967,16
33,17.45399872461955,0.9719934350514626,1.3136683305104573,0.1900456304044091,relu,50,1e-06,0,30,0.01,1,1,0,8,8,0,"{'act': 'relu', 'batch_size': 50, 'decay': 1e-06, 'dropout': 0, 'epochs': 30, 'lr': 0.01, 'nl1': 1, 'nl2': 1, 'nl3': 0, 'nn1': 8, 'nn2': 8, 'nn3': 0}",-1.2414377755171244,-1.4060379918588874,-1.1777476255088195,-1.2750706613906162,0.09618148065905131,5
34,17.907000144322712,0.5560010443040386,1.3800005912780762,0.2617103993910389,relu,50,1e-06,0,30,0.01,1,1,0,9,7,0,"{'act': 'relu', 'batch_size': 50, 'decay': 1e-06, 'dropout': 0, 'epochs': 30, 'lr': 0.01, 'nl1': 1, 'nl2': 1, 'nl3': 0, 'nn1': 9, 'nn2': 7, 'nn3': 0}",-1.1627670396744658,-1.3307327001356852,-1.2615332428765265,-1.2516676088185414,0.06892749789821345,4
35,17.09033195177714,0.2472799584874659,1.2096677621205647,0.02463509189240542,relu,50,1e-06,0,30,0.01,1,1,0,9,8,0,"{'act': 'relu', 'batch_size': 50, 'decay': 1e-06, 'dropout': 0, 'epochs': 30, 'lr': 0.01, 'nl1': 1, 'nl2': 1, 'nl3': 0, 'nn1': 9, 'nn2': 8, 'nn3': 0}",-1.084774499830451,-1.7496607869742198,-1.3867028493894165,-1.4070096099491238,0.27182581308209486,34
36,16.67200016975403,0.7489041019823535,1.4016671180725098,0.10589902317647025,relu,50,1e-06,0,30,0.001,0,1,0,7,7,0,"{'act': 'relu', 'batch_size': 50, 'decay': 1e-06, 'dropout': 0, 'epochs': 30, 'lr': 0.001, 'nl1': 0, 'nl2': 1, 'nl3': 0, 'nn1': 7, 'nn2': 7, 'nn3': 0}",-1.441166497117667,-1.832428765264586,-1.3924694708276797,-1.5553420011305823,0.19691948434071035,73
37,16.84233331680298,0.6963680736483504,1.3146680196126301,0.10190516945638556,relu,50,1e-06,0,30,0.001,0,1,0,7,8,0,"{'act': 'relu', 'batch_size': 50, 'decay': 1e-06, 'dropout': 0, 'epochs': 30, 'lr': 0.001, 'nl1': 0, 'nl2': 1, 'nl3': 0, 'nn1': 7, 'nn2': 8, 'nn3': 0}",-1.3608002712783995,-1.560719131614654,-1.3395522388059702,-1.4203504804974563,0.09962559517890555,40
38,16.82833234469096,0.06798180923109833,1.3480042616526287,0.10190461409718325,relu,50,1e-06,0,30,0.001,0,1,0,8,7,0,"{'act': 'relu', 'batch_size': 50, 'decay': 1e-06, 'dropout': 0, 'epochs': 30, 'lr': 0.001, 'nl1': 0, 'nl2': 1, 'nl3': 0, 'nn1': 8, 'nn2': 7, 'nn3': 0}",-1.3763987792472023,-1.75,-1.175033921302578,-1.4338044092707745,0.2382009616537978,42
39,17.517999092737835,0.43894680678492315,1.5589992205301921,0.051270171950224215,relu,50,1e-06,0,30,0.001,0,1,0,8,8,0,"{'act': 'relu', 'batch_size': 50, 'decay': 1e-06, 'dropout': 0, 'epochs': 30, 'lr': 0.001, 'nl1': 0, 'nl2': 1, 'nl3': 0, 'nn1': 8, 'nn2': 8, 'nn3': 0}",-1.353001017293998,-1.6733378561736771,-1.2469470827679783,-1.4244205765969473,0.18124384482028646,41
40,17.585668245951336,0.8590252555390112,1.6493347485860188,0.4828509192533366,relu,50,1e-06,0,30,0.001,0,1,0,9,7,0,"{'act': 'relu', 'batch_size': 50, 'decay': 1e-06, 'dropout': 0, 'epochs': 30, 'lr': 0.001, 'nl1': 0, 'nl2': 1, 'nl3': 0, 'nn1': 9, 'nn2': 7, 'nn3': 0}",-1.3109528653780942,-1.6305970149253732,-1.317842605156038,-1.4197851893725268,0.14908036962326476,39
41,18.13066832224528,0.48129776634432153,1.5829983552296956,0.08990284297981907,relu,50,1e-06,0,30,0.001,0,1,0,9,8,0,"{'act': 'relu', 'batch_size': 50, 'decay': 1e-06, 'dropout': 0, 'epochs': 30, 'lr': 0.001, 'nl1': 0, 'nl2': 1, 'nl3': 0, 'nn1': 9, 'nn2': 8, 'nn3': 0}",-1.3696168192607663,-1.7133649932157395,-1.2693351424694708,-1.4507631430186545,0.19013201377075423,47
42,19.69100038210551,0.08769643356144499,2.025666077931722,0.4117880054918989,relu,50,1e-06,0,30,0.001,1,1,0,7,7,0,"{'act': 'relu', 'batch_size': 50, 'decay': 1e-06, 'dropout': 0, 'epochs': 30, 'lr': 0.001, 'nl1': 1, 'nl2': 1, 'nl3': 0, 'nn1': 7, 'nn2': 7, 'nn3': 0}",-1.425567989148864,-1.6611261872455902,-1.301899592944369,-1.4628603730921426,0.1489981753522784,50
43,19.584665218989056,0.5510249869628245,1.448667287826538,0.042444851364925595,relu,50,1e-06,0,30,0.001,1,1,0,7,8,0,"{'act': 'relu', 'batch_size': 50, 'decay': 1e-06, 'dropout': 0, 'epochs': 30, 'lr': 0.001, 'nl1': 1, 'nl2': 1, 'nl3': 0, 'nn1': 7, 'nn2': 8, 'nn3': 0}",-1.335707019328586,-1.8843283582089552,-1.2493215739484396,-1.489768230638779,0.28119292048606426,58
44,18.99899951616923,0.44675650958427177,2.1476667722066245,0.24660645078998572,relu,50,1e-06,0,30,0.001,1,1,0,8,7,0,"{'act': 'relu', 'batch_size': 50, 'decay': 1e-06, 'dropout': 0, 'epochs': 30, 'lr': 0.001, 'nl1': 1, 'nl2': 1, 'nl3': 0, 'nn1': 8, 'nn2': 7, 'nn3': 0}",-1.3875890132248219,-1.7598371777476256,-1.2527137042062415,-1.4667043527416619,0.21444860388169615,52
45,21.670999606450398,0.662907715069273,1.9013344446818035,0.0803001973739884,relu,50,1e-06,0,30,0.001,1,1,0,8,8,0,"{'act': 'relu', 'batch_size': 50, 'decay': 1e-06, 'dropout': 0, 'epochs': 30, 'lr': 0.001, 'nl1': 1, 'nl2': 1, 'nl3': 0, 'nn1': 8, 'nn2': 8, 'nn3': 0}",-1.3662258392675484,-1.9090909090909092,-1.317842605156038,-1.5310344827586206,0.2680324428543087,69
46,21.284667094548542,0.3297781952919956,1.8633331457773845,0.2002632535257216,relu,50,1e-06,0,30,0.001,1,1,0,9,7,0,"{'act': 'relu', 'batch_size': 50, 'decay': 1e-06, 'dropout': 0, 'epochs': 30, 'lr': 0.001, 'nl1': 1, 'nl2': 1, 'nl3': 0, 'nn1': 9, 'nn2': 7, 'nn3': 0}",-1.3353679213292642,-1.8683853459972863,-1.358887381275441,-1.5208592425098926,0.24590476886923673,68
47,20.9060001373291,0.7205427204335739,1.991000493367513,0.2920281401029635,relu,50,1e-06,0,30,0.001,1,1,0,9,8,0,"{'act': 'relu', 'batch_size': 50, 'decay': 1e-06, 'dropout': 0, 'epochs': 30, 'lr': 0.001, 'nl1': 1, 'nl2': 1, 'nl3': 0, 'nn1': 9, 'nn2': 8, 'nn3': 0}",-1.2621227534757544,-1.7137042062415198,-1.1679104477611941,-1.3812323346523459,0.23819909813420753,24
48,13.468332608540853,0.4877601353191925,1.7961729367574055,0.19387708229851103,relu,50,1e-06,0.25,10,0.01,0,1,0,7,7,0,"{'act': 'relu', 'batch_size': 50, 'decay': 1e-06, 'dropout': 0.25, 'epochs': 10, 'lr': 0.01, 'nl1': 0, 'nl2': 1, 'nl3': 0, 'nn1': 7, 'nn2': 7, 'nn3': 0}",-2.8816547982366902,-0.7079375848032564,-3.83887381275441,-2.476201243640475,1.3098981148538447,97
49,12.309849421183268,0.1600669693392494,1.885000228881836,0.20116335644616096,relu,50,1e-06,0.25,10,0.01,0,1,0,7,8,0,"{'act': 'relu', 'batch_size': 50, 'decay': 1e-06, 'dropout': 0.25, 'epochs': 10, 'lr': 0.01, 'nl1': 0, 'nl2': 1, 'nl3': 0, 'nn1': 7, 'nn2': 8, 'nn3': 0}",-2.8816547982366902,-0.7079375848032564,-3.83887381275441,-2.476201243640475,1.3098981148538447,97
50,12.38683827718099,0.6869706260949142,1.7550015449523926,0.1388003135634109,relu,50,1e-06,0.25,10,0.01,0,1,0,8,7,0,"{'act': 'relu', 'batch_size': 50, 'decay': 1e-06, 'dropout': 0.25, 'epochs': 10, 'lr': 0.01, 'nl1': 0, 'nl2': 1, 'nl3': 0, 'nn1': 8, 'nn2': 7, 'nn3': 0}",-2.8816547982366902,-0.7079375848032564,-3.83887381275441,-2.476201243640475,1.3098981148538447,97
51,11.487999121348063,0.31729249625481715,1.5559988021850586,0.03894412279758115,relu,50,1e-06,0.25,10,0.01,0,1,0,8,8,0,"{'act': 'relu', 'batch_size': 50, 'decay': 1e-06, 'dropout': 0.25, 'epochs': 10, 'lr': 0.01, 'nl1': 0, 'nl2': 1, 'nl3': 0, 'nn1': 8, 'nn2': 8, 'nn3': 0}",-2.8816547982366902,-0.7079375848032564,-3.83887381275441,-2.476201243640475,1.3098981148538447,97
52,11.235666751861572,0.09519288937409803,1.8123327891031902,0.20196573657040195,relu,50,1e-06,0.25,10,0.01,0,1,0,9,7,0,"{'act': 'relu', 'batch_size': 50, 'decay': 1e-06, 'dropout': 0.25, 'epochs': 10, 'lr': 0.01, 'nl1': 0, 'nl2': 1, 'nl3': 0, 'nn1': 9, 'nn2': 7, 'nn3': 0}",-2.8816547982366902,-0.7079375848032564,-3.83887381275441,-2.476201243640475,1.3098981148538447,97
53,12.008666515350342,0.4160160260335107,2.067667563756307,0.4051168061245114,relu,50,1e-06,0.25,10,0.01,0,1,0,9,8,0,"{'act': 'relu', 'batch_size': 50, 'decay': 1e-06, 'dropout': 0.25, 'epochs': 10, 'lr': 0.01, 'nl1': 0, 'nl2': 1, 'nl3': 0, 'nn1': 9, 'nn2': 8, 'nn3': 0}",-2.8816547982366902,-0.7079375848032564,-3.83887381275441,-2.476201243640475,1.3098981148538447,97
54,14.474999984105429,0.5895386528293616,2.099001487096151,0.07757996268981408,relu,50,1e-06,0.25,10,0.01,1,1,0,7,7,0,"{'act': 'relu', 'batch_size': 50, 'decay': 1e-06, 'dropout': 0.25, 'epochs': 10, 'lr': 0.01, 'nl1': 1, 'nl2': 1, 'nl3': 0, 'nn1': 7, 'nn2': 7, 'nn3': 0}",-2.8816547982366902,-0.7079375848032564,-3.83887381275441,-2.476201243640475,1.3098981148538447,97
55,14.252667744954428,0.66336364703158,2.1289988358815513,0.047880947592838105,relu,50,1e-06,0.25,10,0.01,1,1,0,7,8,0,"{'act': 'relu', 'batch_size': 50, 'decay': 1e-06, 'dropout': 0.25, 'epochs': 10, 'lr': 0.01, 'nl1': 1, 'nl2': 1, 'nl3': 0, 'nn1': 7, 'nn2': 8, 'nn3': 0}",-2.8816547982366902,-0.7079375848032564,-3.83887381275441,-2.476201243640475,1.3098981148538447,97
56,14.026002963383993,0.2895080524811097,2.0446630318959556,0.244902031956073,relu,50,1e-06,0.25,10,0.01,1,1,0,8,7,0,"{'act': 'relu', 'batch_size': 50, 'decay': 1e-06, 'dropout': 0.25, 'epochs': 10, 'lr': 0.01, 'nl1': 1, 'nl2': 1, 'nl3': 0, 'nn1': 8, 'nn2': 7, 'nn3': 0}",-2.8816547982366902,-0.7079375848032564,-3.83887381275441,-2.476201243640475,1.3098981148538447,97
57,14.38733164469401,0.2613474044103344,2.236335039138794,0.1348702943019598,relu,50,1e-06,0.25,10,0.01,1,1,0,8,8,0,"{'act': 'relu', 'batch_size': 50, 'decay': 1e-06, 'dropout': 0.25, 'epochs': 10, 'lr': 0.01, 'nl1': 1, 'nl2': 1, 'nl3': 0, 'nn1': 8, 'nn2': 8, 'nn3': 0}",-2.8816547982366902,-0.7079375848032564,-3.83887381275441,-2.476201243640475,1.3098981148538447,97
58,14.317333062489828,0.501008436243611,2.1683359146118164,0.21005367592991578,relu,50,1e-06,0.25,10,0.01,1,1,0,9,7,0,"{'act': 'relu', 'batch_size': 50, 'decay': 1e-06, 'dropout': 0.25, 'epochs': 10, 'lr': 0.01, 'nl1': 1, 'nl2': 1, 'nl3': 0, 'nn1': 9, 'nn2': 7, 'nn3': 0}",-2.8816547982366902,-0.7079375848032564,-3.83887381275441,-2.476201243640475,1.3098981148538447,97
59,14.154664993286133,0.3421128069390965,2.1136664549509683,0.15721061657040608,relu,50,1e-06,0.25,10,0.01,1,1,0,9,8,0,"{'act': 'relu', 'batch_size': 50, 'decay': 1e-06, 'dropout': 0.25, 'epochs': 10, 'lr': 0.01, 'nl1': 1, 'nl2': 1, 'nl3': 0, 'nn1': 9, 'nn2': 8, 'nn3': 0}",-2.8816547982366902,-0.7079375848032564,-3.83887381275441,-2.476201243640475,1.3098981148538447,97
60,12.914666255315145,0.34183491867772986,2.1830008029937744,0.11251994185199796,relu,50,1e-06,0.25,10,0.001,0,1,0,7,7,0,"{'act': 'relu', 'batch_size': 50, 'decay': 1e-06, 'dropout': 0.25, 'epochs': 10, 'lr': 0.001, 'nl1': 0, 'nl2': 1, 'nl3': 0, 'nn1': 7, 'nn2': 7, 'nn3': 0}",-2.8816547982366902,-0.7079375848032564,-3.83887381275441,-2.476201243640475,1.3098981148538447,97
61,12.991667032241821,0.20685961312746418,2.0713348388671875,0.08149718076426758,relu,50,1e-06,0.25,10,0.001,0,1,0,7,8,0,"{'act': 'relu', 'batch_size': 50, 'decay': 1e-06, 'dropout': 0.25, 'epochs': 10, 'lr': 0.001, 'nl1': 0, 'nl2': 1, 'nl3': 0, 'nn1': 7, 'nn2': 8, 'nn3': 0}",-2.8816547982366902,-0.7079375848032564,-3.83887381275441,-2.476201243640475,1.3098981148538447,97
62,12.766333103179932,0.07000035434650625,2.130333662033081,0.09273593104397555,relu,50,1e-06,0.25,10,0.001,0,1,0,8,7,0,"{'act': 'relu', 'batch_size': 50, 'decay': 1e-06, 'dropout': 0.25, 'epochs': 10, 'lr': 0.001, 'nl1': 0, 'nl2': 1, 'nl3': 0, 'nn1': 8, 'nn2': 7, 'nn3': 0}",-2.8816547982366902,-0.7079375848032564,-3.83887381275441,-2.476201243640475,1.3098981148538447,97
63,13.344000736872355,0.19578571632926625,2.2396657466888428,0.011670588484255237,relu,50,1e-06,0.25,10,0.001,0,1,0,8,8,0,"{'act': 'relu', 'batch_size': 50, 'decay': 1e-06, 'dropout': 0.25, 'epochs': 10, 'lr': 0.001, 'nl1': 0, 'nl2': 1, 'nl3': 0, 'nn1': 8, 'nn2': 8, 'nn3': 0}",-2.8816547982366902,-0.7079375848032564,-3.83887381275441,-2.476201243640475,1.3098981148538447,97
64,13.72133175532023,0.14690115013139235,2.096667448679606,0.11782844048914838,relu,50,1e-06,0.25,10,0.001,0,1,0,9,7,0,"{'act': 'relu', 'batch_size': 50, 'decay': 1e-06, 'dropout': 0.25, 'epochs': 10, 'lr': 0.001, 'nl1': 0, 'nl2': 1, 'nl3': 0, 'nn1': 9, 'nn2': 7, 'nn3': 0}",-2.8816547982366902,-0.7079375848032564,-3.83887381275441,-2.476201243640475,1.3098981148538447,97
65,12.799666484196981,0.04434297927220622,2.2250002225240073,0.03960613469971232,relu,50,1e-06,0.25,10,0.001,0,1,0,9,8,0,"{'act': 'relu', 'batch_size': 50, 'decay': 1e-06, 'dropout': 0.25, 'epochs': 10, 'lr': 0.001, 'nl1': 0, 'nl2': 1, 'nl3': 0, 'nn1': 9, 'nn2': 8, 'nn3': 0}",-2.8816547982366902,-0.7079375848032564,-3.83887381275441,-2.476201243640475,1.3098981148538447,97
66,14.275998830795288,0.11976839553263754,2.276335875193278,0.0939717611140651,relu,50,1e-06,0.25,10,0.001,1,1,0,7,7,0,"{'act': 'relu', 'batch_size': 50, 'decay': 1e-06, 'dropout': 0.25, 'epochs': 10, 'lr': 0.001, 'nl1': 1, 'nl2': 1, 'nl3': 0, 'nn1': 7, 'nn2': 7, 'nn3': 0}",-2.8816547982366902,-0.7079375848032564,-3.83887381275441,-2.476201243640475,1.3098981148538447,97
67,14.506666580835978,0.21024799241539074,2.3023338317871094,0.044002926436155096,relu,50,1e-06,0.25,10,0.001,1,1,0,7,8,0,"{'act': 'relu', 'batch_size': 50, 'decay': 1e-06, 'dropout': 0.25, 'epochs': 10, 'lr': 0.001, 'nl1': 1, 'nl2': 1, 'nl3': 0, 'nn1': 7, 'nn2': 8, 'nn3': 0}",-2.8816547982366902,-0.7079375848032564,-3.83887381275441,-2.476201243640475,1.3098981148538447,97
68,14.630667448043823,0.04830827092696383,2.480332533518473,0.0659312970719592,relu,50,1e-06,0.25,10,0.001,1,1,0,8,7,0,"{'act': 'relu', 'batch_size': 50, 'decay': 1e-06, 'dropout': 0.25, 'epochs': 10, 'lr': 0.001, 'nl1': 1, 'nl2': 1, 'nl3': 0, 'nn1': 8, 'nn2': 7, 'nn3': 0}",-2.8816547982366902,-0.7079375848032564,-3.83887381275441,-2.476201243640475,1.3098981148538447,97
69,15.109333833058676,0.16409734563222095,2.4750002225240073,0.019252053139474794,relu,50,1e-06,0.25,10,0.001,1,1,0,8,8,0,"{'act': 'relu', 'batch_size': 50, 'decay': 1e-06, 'dropout': 0.25, 'epochs': 10, 'lr': 0.001, 'nl1': 1, 'nl2': 1, 'nl3': 0, 'nn1': 8, 'nn2': 8, 'nn3': 0}",-2.8816547982366902,-0.7079375848032564,-3.83887381275441,-2.476201243640475,1.3098981148538447,97
70,15.055000225702921,0.03819319344234531,2.4816669623057046,0.07180627543630808,relu,50,1e-06,0.25,10,0.001,1,1,0,9,7,0,"{'act': 'relu', 'batch_size': 50, 'decay': 1e-06, 'dropout': 0.25, 'epochs': 10, 'lr': 0.001, 'nl1': 1, 'nl2': 1, 'nl3': 0, 'nn1': 9, 'nn2': 7, 'nn3': 0}",-2.8816547982366902,-0.7079375848032564,-3.83887381275441,-2.476201243640475,1.3098981148538447,97
71,15.148664792378744,0.20742924050409997,2.588667551676432,0.02003863877506866,relu,50,1e-06,0.25,10,0.001,1,1,0,9,8,0,"{'act': 'relu', 'batch_size': 50, 'decay': 1e-06, 'dropout': 0.25, 'epochs': 10, 'lr': 0.001, 'nl1': 1, 'nl2': 1, 'nl3': 0, 'nn1': 9, 'nn2': 8, 'nn3': 0}",-2.8816547982366902,-0.7079375848032564,-3.83887381275441,-2.476201243640475,1.3098981148538447,97
72,25.974000136057537,0.3561307078577119,3.1853344440460205,0.3068157867891212,relu,50,1e-06,0.25,30,0.01,0,1,0,7,7,0,"{'act': 'relu', 'batch_size': 50, 'decay': 1e-06, 'dropout': 0.25, 'epochs': 30, 'lr': 0.01, 'nl1': 0, 'nl2': 1, 'nl3': 0, 'nn1': 7, 'nn2': 7, 'nn3': 0}",-2.8816547982366902,-0.7079375848032564,-3.83887381275441,-2.476201243640475,1.3098981148538447,97
73,27.95400055249532,1.0296648186335249,3.037334680557251,0.3588675650338786,relu,50,1e-06,0.25,30,0.01,0,1,0,7,8,0,"{'act': 'relu', 'batch_size': 50, 'decay': 1e-06, 'dropout': 0.25, 'epochs': 30, 'lr': 0.01, 'nl1': 0, 'nl2': 1, 'nl3': 0, 'nn1': 7, 'nn2': 8, 'nn3': 0}",-2.8816547982366902,-0.7079375848032564,-3.83887381275441,-2.476201243640475,1.3098981148538447,97
74,28.904332240422566,0.18535862573242018,2.896001180013021,0.4500965318263216,relu,50,1e-06,0.25,30,0.01,0,1,0,8,7,0,"{'act': 'relu', 'batch_size': 50, 'decay': 1e-06, 'dropout': 0.25, 'epochs': 30, 'lr': 0.01, 'nl1': 0, 'nl2': 1, 'nl3': 0, 'nn1': 8, 'nn2': 7, 'nn3': 0}",-2.8816547982366902,-0.7079375848032564,-3.83887381275441,-2.476201243640475,1.3098981148538447,97
75,28.547999143600464,1.937477627818629,3.1083356539408364,0.1371375980417462,relu,50,1e-06,0.25,30,0.01,0,1,0,8,8,0,"{'act': 'relu', 'batch_size': 50, 'decay': 1e-06, 'dropout': 0.25, 'epochs': 30, 'lr': 0.01, 'nl1': 0, 'nl2': 1, 'nl3': 0, 'nn1': 8, 'nn2': 8, 'nn3': 0}",-2.8816547982366902,-0.7079375848032564,-3.83887381275441,-2.476201243640475,1.3098981148538447,97
76,28.71666709582011,1.2778258033093737,3.0203348795572915,0.28648988258549246,relu,50,1e-06,0.25,30,0.01,0,1,0,9,7,0,"{'act': 'relu', 'batch_size': 50, 'decay': 1e-06, 'dropout': 0.25, 'epochs': 30, 'lr': 0.01, 'nl1': 0, 'nl2': 1, 'nl3': 0, 'nn1': 9, 'nn2': 7, 'nn3': 0}",-2.8816547982366902,-0.7079375848032564,-3.83887381275441,-2.476201243640475,1.3098981148538447,97
77,29.149332284927368,0.6860559126349556,3.380000352859497,0.08866009518314531,relu,50,1e-06,0.25,30,0.01,0,1,0,9,8,0,"{'act': 'relu', 'batch_size': 50, 'decay': 1e-06, 'dropout': 0.25, 'epochs': 30, 'lr': 0.01, 'nl1': 0, 'nl2': 1, 'nl3': 0, 'nn1': 9, 'nn2': 8, 'nn3': 0}",-2.8816547982366902,-0.7079375848032564,-3.83887381275441,-2.476201243640475,1.3098981148538447,97
78,32.72700047492981,0.677844902573415,3.5206668376922607,0.2847251443694072,relu,50,1e-06,0.25,30,0.01,1,1,0,7,7,0,"{'act': 'relu', 'batch_size': 50, 'decay': 1e-06, 'dropout': 0.25, 'epochs': 30, 'lr': 0.01, 'nl1': 1, 'nl2': 1, 'nl3': 0, 'nn1': 7, 'nn2': 7, 'nn3': 0}",-2.8816547982366902,-0.7079375848032564,-3.83887381275441,-2.476201243640475,1.3098981148538447,97
79,33.03333226839701,0.912647876941416,3.471001068751017,0.1488554953647674,relu,50,1e-06,0.25,30,0.01,1,1,0,7,8,0,"{'act': 'relu', 'batch_size': 50, 'decay': 1e-06, 'dropout': 0.25, 'epochs': 30, 'lr': 0.01, 'nl1': 1, 'nl2': 1, 'nl3': 0, 'nn1': 7, 'nn2': 8, 'nn3': 0}",-2.8816547982366902,-0.7079375848032564,-3.83887381275441,-2.476201243640475,1.3098981148538447,97
80,32.09833184878031,0.6922998927493572,3.6063344478607178,0.3196918076052908,relu,50,1e-06,0.25,30,0.01,1,1,0,8,7,0,"{'act': 'relu', 'batch_size': 50, 'decay': 1e-06, 'dropout': 0.25, 'epochs': 30, 'lr': 0.01, 'nl1': 1, 'nl2': 1, 'nl3': 0, 'nn1': 8, 'nn2': 7, 'nn3': 0}",-2.8816547982366902,-0.7079375848032564,-3.83887381275441,-2.476201243640475,1.3098981148538447,97
81,33.51833383242289,0.9824493940675719,3.6673336823781333,0.21772129024809633,relu,50,1e-06,0.25,30,0.01,1,1,0,8,8,0,"{'act': 'relu', 'batch_size': 50, 'decay': 1e-06, 'dropout': 0.25, 'epochs': 30, 'lr': 0.01, 'nl1': 1, 'nl2': 1, 'nl3': 0, 'nn1': 8, 'nn2': 8, 'nn3': 0}",-2.8816547982366902,-0.7079375848032564,-3.83887381275441,-2.476201243640475,1.3098981148538447,97
82,32.57066742579142,1.36355730444407,3.62233304977417,0.46100676241235394,relu,50,1e-06,0.25,30,0.01,1,1,0,9,7,0,"{'act': 'relu', 'batch_size': 50, 'decay': 1e-06, 'dropout': 0.25, 'epochs': 30, 'lr': 0.01, 'nl1': 1, 'nl2': 1, 'nl3': 0, 'nn1': 9, 'nn2': 7, 'nn3': 0}",-2.8816547982366902,-0.7079375848032564,-3.83887381275441,-2.476201243640475,1.3098981148538447,97
83,32.716333548227944,0.7538402223947606,3.7400002479553223,0.4712448920505795,relu,50,1e-06,0.25,30,0.01,1,1,0,9,8,0,"{'act': 'relu', 'batch_size': 50, 'decay': 1e-06, 'dropout': 0.25, 'epochs': 30, 'lr': 0.01, 'nl1': 1, 'nl2': 1, 'nl3': 0, 'nn1': 9, 'nn2': 8, 'nn3': 0}",-2.8816547982366902,-0.7079375848032564,-3.83887381275441,-2.476201243640475,1.3098981148538447,97
84,31.98066759109497,0.8161108326816517,3.9346659978230796,0.6835638594398386,relu,50,1e-06,0.25,30,0.001,0,1,0,7,7,0,"{'act': 'relu', 'batch_size': 50, 'decay': 1e-06, 'dropout': 0.25, 'epochs': 30, 'lr': 0.001, 'nl1': 0, 'nl2': 1, 'nl3': 0, 'nn1': 7, 'nn2': 7, 'nn3': 0}",-2.8816547982366902,-0.7079375848032564,-3.83887381275441,-2.476201243640475,1.3098981148538447,97
85,30.191998879114788,0.5143129176397093,3.0830010573069253,0.053235585470265065,relu,50,1e-06,0.25,30,0.001,0,1,0,7,8,0,"{'act': 'relu', 'batch_size': 50, 'decay': 1e-06, 'dropout': 0.25, 'epochs': 30, 'lr': 0.001, 'nl1': 0, 'nl2': 1, 'nl3': 0, 'nn1': 7, 'nn2': 8, 'nn3': 0}",-2.8816547982366902,-0.7079375848032564,-3.83887381275441,-2.476201243640475,1.3098981148538447,97
86,31.09766697883606,0.3944410429409851,4.305667479832967,0.4349254916825167,relu,50,1e-06,0.25,30,0.001,0,1,0,8,7,0,"{'act': 'relu', 'batch_size': 50, 'decay': 1e-06, 'dropout': 0.25, 'epochs': 30, 'lr': 0.001, 'nl1': 0, 'nl2': 1, 'nl3': 0, 'nn1': 8, 'nn2': 7, 'nn3': 0}",-2.8816547982366902,-0.7079375848032564,-3.83887381275441,-2.476201243640475,1.3098981148538447,97
87,33.77466821670532,0.2382159065547621,3.950998306274414,0.8422244464728497,relu,50,1e-06,0.25,30,0.001,0,1,0,8,8,0,"{'act': 'relu', 'batch_size': 50, 'decay': 1e-06, 'dropout': 0.25, 'epochs': 30, 'lr': 0.001, 'nl1': 0, 'nl2': 1, 'nl3': 0, 'nn1': 8, 'nn2': 8, 'nn3': 0}",-2.8816547982366902,-0.7079375848032564,-3.83887381275441,-2.476201243640475,1.3098981148538447,97
88,33.11300086975098,0.8903499904488975,3.7279993693033853,0.562982828032342,relu,50,1e-06,0.25,30,0.001,0,1,0,9,7,0,"{'act': 'relu', 'batch_size': 50, 'decay': 1e-06, 'dropout': 0.25, 'epochs': 30, 'lr': 0.001, 'nl1': 0, 'nl2': 1, 'nl3': 0, 'nn1': 9, 'nn2': 7, 'nn3': 0}",-2.8816547982366902,-0.7079375848032564,-3.83887381275441,-2.476201243640475,1.3098981148538447,97
89,32.49000151952108,1.3041676172594474,4.218665997187297,0.5029786261730488,relu,50,1e-06,0.25,30,0.001,0,1,0,9,8,0,"{'act': 'relu', 'batch_size': 50, 'decay': 1e-06, 'dropout': 0.25, 'epochs': 30, 'lr': 0.001, 'nl1': 0, 'nl2': 1, 'nl3': 0, 'nn1': 9, 'nn2': 8, 'nn3': 0}",-2.8816547982366902,-0.7079375848032564,-3.83887381275441,-2.476201243640475,1.3098981148538447,97
90,35.469666719436646,1.357505838228148,3.7156673272450766,0.1340398496061832,relu,50,1e-06,0.25,30,0.001,1,1,0,7,7,0,"{'act': 'relu', 'batch_size': 50, 'decay': 1e-06, 'dropout': 0.25, 'epochs': 30, 'lr': 0.001, 'nl1': 1, 'nl2': 1, 'nl3': 0, 'nn1': 7, 'nn2': 7, 'nn3': 0}",-2.8816547982366902,-0.7079375848032564,-3.83887381275441,-2.476201243640475,1.3098981148538447,97
91,35.26966659228007,0.24018412072013445,4.181333462397258,0.2228363786532734,relu,50,1e-06,0.25,30,0.001,1,1,0,7,8,0,"{'act': 'relu', 'batch_size': 50, 'decay': 1e-06, 'dropout': 0.25, 'epochs': 30, 'lr': 0.001, 'nl1': 1, 'nl2': 1, 'nl3': 0, 'nn1': 7, 'nn2': 8, 'nn3': 0}",-2.8816547982366902,-0.7079375848032564,-3.83887381275441,-2.476201243640475,1.3098981148538447,97
92,38.326334396998085,1.2811873915337548,4.32899792989095,0.037850861456694355,relu,50,1e-06,0.25,30,0.001,1,1,0,8,7,0,"{'act': 'relu', 'batch_size': 50, 'decay': 1e-06, 'dropout': 0.25, 'epochs': 30, 'lr': 0.001, 'nl1': 1, 'nl2': 1, 'nl3': 0, 'nn1': 8, 'nn2': 7, 'nn3': 0}",-2.8816547982366902,-0.7079375848032564,-3.83887381275441,-2.476201243640475,1.3098981148538447,97
93,37.82966764767965,0.4021153468350652,4.514666159947713,0.4065679044353702,relu,50,1e-06,0.25,30,0.001,1,1,0,8,8,0,"{'act': 'relu', 'batch_size': 50, 'decay': 1e-06, 'dropout': 0.25, 'epochs': 30, 'lr': 0.001, 'nl1': 1, 'nl2': 1, 'nl3': 0, 'nn1': 8, 'nn2': 8, 'nn3': 0}",-2.8816547982366902,-0.7079375848032564,-3.83887381275441,-2.476201243640475,1.3098981148538447,97
94,38.14133405685425,0.6302536564753144,4.364333152770996,0.38492446294841304,relu,50,1e-06,0.25,30,0.001,1,1,0,9,7,0,"{'act': 'relu', 'batch_size': 50, 'decay': 1e-06, 'dropout': 0.25, 'epochs': 30, 'lr': 0.001, 'nl1': 1, 'nl2': 1, 'nl3': 0, 'nn1': 9, 'nn2': 7, 'nn3': 0}",-2.8816547982366902,-0.7079375848032564,-3.83887381275441,-2.476201243640475,1.3098981148538447,97
95,38.858668406804405,0.424846356177041,3.7239976723988852,0.22305761920610032,relu,50,1e-06,0.25,30,0.001,1,1,0,9,8,0,"{'act': 'relu', 'batch_size': 50, 'decay': 1e-06, 'dropout': 0.25, 'epochs': 30, 'lr': 0.001, 'nl1': 1, 'nl2': 1, 'nl3': 0, 'nn1': 9, 'nn2': 8, 'nn3': 0}",-2.8816547982366902,-0.7079375848032564,-3.83887381275441,-2.476201243640475,1.3098981148538447,97
96,16.90033419926961,0.9577015900119981,4.005333503087361,0.7514928555036922,relu,80,1e-06,0,10,0.01,0,1,0,7,7,0,"{'act': 'relu', 'batch_size': 80, 'decay': 1e-06, 'dropout': 0, 'epochs': 10, 'lr': 0.01, 'nl1': 0, 'nl2': 1, 'nl3': 0, 'nn1': 7, 'nn2': 7, 'nn3': 0}",-1.3245167853509665,-1.692672998643148,-1.1658751696065128,-1.3943470887507066,0.22064993138438205,30
97,13.472333431243896,0.32272043161911795,3.2943337758382163,0.1245824127686456,relu,80,1e-06,0,10,0.01,0,1,0,7,8,0,"{'act': 'relu', 'batch_size': 80, 'decay': 1e-06, 'dropout': 0, 'epochs': 10, 'lr': 0.01, 'nl1': 0, 'nl2': 1, 'nl3': 0, 'nn1': 7, 'nn2': 8, 'nn3': 0}",-1.159036961681926,-1.8453188602442334,-1.4450474898236092,-1.4830977953646127,0.28147000896780583,56
98,13.243001063664755,0.34942985852399056,3.2486652533213296,0.3700752807478991,relu,80,1e-06,0,10,0.01,0,1,0,8,7,0,"{'act': 'relu', 'batch_size': 80, 'decay': 1e-06, 'dropout': 0, 'epochs': 10, 'lr': 0.01, 'nl1': 0, 'nl2': 1, 'nl3': 0, 'nn1': 8, 'nn2': 7, 'nn3': 0}",-1.3079009833841981,-1.957259158751696,-1.2276119402985075,-1.4975692481628038,0.32667099490626816,61
99,14.148667494455973,0.27312996271860157,3.2296667098999023,0.10139947620861724,relu,80,1e-06,0,10,0.01,0,1,0,8,8,0,"{'act': 'relu', 'batch_size': 80, 'decay': 1e-06, 'dropout': 0, 'epochs': 10, 'lr': 0.01, 'nl1': 0, 'nl2': 1, 'nl3': 0, 'nn1': 8, 'nn2': 8, 'nn3': 0}",-1.326890471346219,-1.8164857530529173,-1.1879240162822253,-1.4437535330695308,0.2695768326568917,44
100,13.720999876658121,0.20914515339843134,3.45933198928833,0.44435716938956377,relu,80,1e-06,0,10,0.01,0,1,0,9,7,0,"{'act': 'relu', 'batch_size': 80, 'decay': 1e-06, 'dropout': 0, 'epochs': 10, 'lr': 0.01, 'nl1': 0, 'nl2': 1, 'nl3': 0, 'nn1': 9, 'nn2': 7, 'nn3': 0}",-1.2065106815869786,-1.8792401628222524,-1.3002035278154682,-1.4619559072922554,0.2975087425581062,49
101,14.019999424616495,0.35598911973610986,3.139334758122762,0.12984377638699965,relu,80,1e-06,0,10,0.01,0,1,0,9,8,0,"{'act': 'relu', 'batch_size': 80, 'decay': 1e-06, 'dropout': 0, 'epochs': 10, 'lr': 0.01, 'nl1': 0, 'nl2': 1, 'nl3': 0, 'nn1': 9, 'nn2': 8, 'nn3': 0}",-1.2014242115971516,-1.6869063772048847,-1.3205563093622794,-1.4029395138496326,0.20658483900223878,33
102,14.612333456675211,0.12302857163488973,3.760000228881836,0.4470721620339974,relu,80,1e-06,0,10,0.01,1,1,0,7,7,0,"{'act': 'relu', 'batch_size': 80, 'decay': 1e-06, 'dropout': 0, 'epochs': 10, 'lr': 0.01, 'nl1': 1, 'nl2': 1, 'nl3': 0, 'nn1': 7, 'nn2': 7, 'nn3': 0}",-1.3153611393692777,-1.7116689280868385,-1.1082089552238805,-1.3784058790276992,0.25034999815697795,23
103,15.215001106262207,0.9116963372311985,3.5430007775624595,0.4858305017253004,relu,80,1e-06,0,10,0.01,1,1,0,7,8,0,"{'act': 'relu', 'batch_size': 80, 'decay': 1e-06, 'dropout': 0, 'epochs': 10, 'lr': 0.01, 'nl1': 1, 'nl2': 1, 'nl3': 0, 'nn1': 7, 'nn2': 8, 'nn3': 0}",-1.4469311631061377,-1.6685888738127543,-1.0478290366350067,-1.3877897117015263,0.25683843900824305,27
104,14.348666588465372,0.19829701455965618,3.6940014362335205,0.02839291025704351,relu,80,1e-06,0,10,0.01,1,1,0,8,7,0,"{'act': 'relu', 'batch_size': 80, 'decay': 1e-06, 'dropout': 0, 'epochs': 10, 'lr': 0.01, 'nl1': 1, 'nl2': 1, 'nl3': 0, 'nn1': 8, 'nn2': 7, 'nn3': 0}",-1.3126483553747033,-1.7951153324287652,-1.039348710990502,-1.3823629169022047,0.3124377045209934,25
105,15.48901112874349,0.6650495461569036,3.630988041559855,0.27436650751576336,relu,80,1e-06,0,10,0.01,1,1,0,8,8,0,"{'act': 'relu', 'batch_size': 80, 'decay': 1e-06, 'dropout': 0, 'epochs': 10, 'lr': 0.01, 'nl1': 1, 'nl2': 1, 'nl3': 0, 'nn1': 8, 'nn2': 8, 'nn3': 0}",-1.363173957273652,-1.7031886024423337,-1.3656716417910448,-1.4773318258903336,0.15969457211999996,54
106,15.711666901906332,0.6239648360896045,3.461334546407064,0.10233981970945667,relu,80,1e-06,0,10,0.01,1,1,0,9,7,0,"{'act': 'relu', 'batch_size': 80, 'decay': 1e-06, 'dropout': 0, 'epochs': 10, 'lr': 0.01, 'nl1': 1, 'nl2': 1, 'nl3': 0, 'nn1': 9, 'nn2': 7, 'nn3': 0}",-1.2258392675483214,-1.6889416553595658,-1.2170963364993215,-1.3772752967778406,0.2203916151251064,22
107,15.076332489649454,0.09127694149867673,3.5136776765187583,0.2519832483976581,relu,80,1e-06,0,10,0.01,1,1,0,9,8,0,"{'act': 'relu', 'batch_size': 80, 'decay': 1e-06, 'dropout': 0, 'epochs': 10, 'lr': 0.01, 'nl1': 1, 'nl2': 1, 'nl3': 0, 'nn1': 9, 'nn2': 8, 'nn3': 0}",-1.2478806375042388,-1.7360922659430122,-1.2025101763907735,-1.3954776710005652,0.2415417422660035,31
108,14.835333108901978,0.7780500736071153,3.5930000146230063,0.33045712182598336,relu,80,1e-06,0,10,0.001,0,1,0,7,7,0,"{'act': 'relu', 'batch_size': 80, 'decay': 1e-06, 'dropout': 0, 'epochs': 10, 'lr': 0.001, 'nl1': 0, 'nl2': 1, 'nl3': 0, 'nn1': 7, 'nn2': 7, 'nn3': 0}",-1.697185486605629,-1.9820217096336499,-1.28561736770692,-1.6549462973431317,0.2858549864112852,83
109,14.611666599909464,0.035965147173864016,3.4843358993530273,0.0672808305098546,relu,80,1e-06,0,10,0.001,0,1,0,7,8,0,"{'act': 'relu', 'batch_size': 80, 'decay': 1e-06, 'dropout': 0, 'epochs': 10, 'lr': 0.001, 'nl1': 0, 'nl2': 1, 'nl3': 0, 'nn1': 7, 'nn2': 8, 'nn3': 0}",-1.5598507968802984,-1.8537991858887382,-2.4046811397557666,-1.9394007914075748,0.35018038482592967,96
110,15.296999454498291,0.7505885318403969,3.6476691563924155,0.1885247036594342,relu,80,1e-06,0,10,0.001,0,1,0,8,7,0,"{'act': 'relu', 'batch_size': 80, 'decay': 1e-06, 'dropout': 0, 'epochs': 10, 'lr': 0.001, 'nl1': 0, 'nl2': 1, 'nl3': 0, 'nn1': 8, 'nn2': 7, 'nn3': 0}",-1.7246524245506951,-1.8666892808683853,-1.5702170963364994,-1.720520067834935,0.12106270094224661,92
111,15.38800056775411,0.550978951305655,3.4810007413228354,0.16078702845848644,relu,80,1e-06,0,10,0.001,0,1,0,8,8,0,"{'act': 'relu', 'batch_size': 80, 'decay': 1e-06, 'dropout': 0, 'epochs': 10, 'lr': 0.001, 'nl1': 0, 'nl2': 1, 'nl3': 0, 'nn1': 8, 'nn2': 8, 'nn3': 0}",-1.6130891827738216,-1.92842605156038,-1.4799864314789688,-1.6738270209157715,0.18803650628217752,89
112,14.905000368754068,0.17666006171190551,3.4783338705698648,0.22776178292478375,relu,80,1e-06,0,10,0.001,0,1,0,9,7,0,"{'act': 'relu', 'batch_size': 80, 'decay': 1e-06, 'dropout': 0, 'epochs': 10, 'lr': 0.001, 'nl1': 0, 'nl2': 1, 'nl3': 0, 'nn1': 9, 'nn2': 7, 'nn3': 0}",-1.6303831807392337,-1.8544776119402986,-1.5705563093622794,-1.6851328434143584,0.12220053148731294,90
113,15.118667046229044,0.664767861358461,3.7486676375071206,0.25660065011785504,relu,80,1e-06,0,10,0.001,0,1,0,9,8,0,"{'act': 'relu', 'batch_size': 80, 'decay': 1e-06, 'dropout': 0, 'epochs': 10, 'lr': 0.001, 'nl1': 0, 'nl2': 1, 'nl3': 0, 'nn1': 9, 'nn2': 8, 'nn3': 0}",-1.6032553407934893,-1.7310040705563094,-1.414179104477612,-1.582815149802148,0.13014129498350474,76
114,15.455666144688925,0.06335919997271545,3.423999786376953,0.04266780783353889,relu,80,1e-06,0,10,0.001,1,1,0,7,7,0,"{'act': 'relu', 'batch_size': 80, 'decay': 1e-06, 'dropout': 0, 'epochs': 10, 'lr': 0.001, 'nl1': 1, 'nl2': 1, 'nl3': 0, 'nn1': 7, 'nn2': 7, 'nn3': 0}",-1.7690742624618514,-1.8673677069199457,-1.9430122116689281,-1.859807801017524,0.07121276455781819,95
115,16.37766671180725,0.7115603188695323,4.049666007359822,0.37238096569881746,relu,80,1e-06,0,10,0.001,1,1,0,7,8,0,"{'act': 'relu', 'batch_size': 80, 'decay': 1e-06, 'dropout': 0, 'epochs': 10, 'lr': 0.001, 'nl1': 1, 'nl2': 1, 'nl3': 0, 'nn1': 7, 'nn2': 8, 'nn3': 0}",-1.6046117327907765,-1.8069877883310719,-1.580393487109905,-1.6639909553420011,0.10158775899997789,86
116,16.246334234873455,0.13015924224265588,3.8563329378763833,0.5739349113840345,relu,80,1e-06,0,10,0.001,1,1,0,8,7,0,"{'act': 'relu', 'batch_size': 80, 'decay': 1e-06, 'dropout': 0, 'epochs': 10, 'lr': 0.001, 'nl1': 1, 'nl2': 1, 'nl3': 0, 'nn1': 8, 'nn2': 7, 'nn3': 0}",-1.7049847405900305,-1.9436906377204886,-1.3531207598371777,-1.6672696438665913,0.242556550833349,87
117,15.738666931788126,0.3156653483328292,3.716334899266561,0.2595572195661698,relu,80,1e-06,0,10,0.001,1,1,0,8,8,0,"{'act': 'relu', 'batch_size': 80, 'decay': 1e-06, 'dropout': 0, 'epochs': 10, 'lr': 0.001, 'nl1': 1, 'nl2': 1, 'nl3': 0, 'nn1': 8, 'nn2': 8, 'nn3': 0}",-1.5005086469989828,-1.9246947082767978,-1.4850746268656716,-1.636743923120407,0.20369217154900168,80
118,16.902000427246094,0.8275685785857757,4.147666692733765,0.44867506830433546,relu,80,1e-06,0,10,0.001,1,1,0,9,7,0,"{'act': 'relu', 'batch_size': 80, 'decay': 1e-06, 'dropout': 0, 'epochs': 10, 'lr': 0.001, 'nl1': 1, 'nl2': 1, 'nl3': 0, 'nn1': 9, 'nn2': 7, 'nn3': 0}",-1.6147846727704307,-1.8147896879240162,-1.3721166892808685,-1.6005652911249293,0.18098987407588935,77
119,17.581668774286907,0.2147701048710019,3.6989986101786294,0.11358545588018654,relu,80,1e-06,0,10,0.001,1,1,0,9,8,0,"{'act': 'relu', 'batch_size': 80, 'decay': 1e-06, 'dropout': 0, 'epochs': 10, 'lr': 0.001, 'nl1': 1, 'nl2': 1, 'nl3': 0, 'nn1': 9, 'nn2': 8, 'nn3': 0}",-1.6127500847744998,-1.8263229308005426,-1.4952510176390774,-1.6447710570944036,0.1370360603168716,82
120,25.664000193277996,0.3902377986582377,4.214334805806478,0.3228765304079015,relu,80,1e-06,0,30,0.01,0,1,0,7,7,0,"{'act': 'relu', 'batch_size': 80, 'decay': 1e-06, 'dropout': 0, 'epochs': 30, 'lr': 0.01, 'nl1': 0, 'nl2': 1, 'nl3': 0, 'nn1': 7, 'nn2': 7, 'nn3': 0}",-1.2658528314682944,-1.7516960651289009,-1.0820895522388059,-1.366534765404183,0.2824721405089939,17
121,25.993666251500446,0.34112999507651776,3.924668550491333,0.38359016586752015,relu,80,1e-06,0,30,0.01,0,1,0,7,8,0,"{'act': 'relu', 'batch_size': 80, 'decay': 1e-06, 'dropout': 0, 'epochs': 30, 'lr': 0.01, 'nl1': 0, 'nl2': 1, 'nl3': 0, 'nn1': 7, 'nn2': 8, 'nn3': 0}",-1.2261783655476433,-1.8850067842605156,-1.137720488466757,-1.416280384397965,0.3333733595015401,38
122,26.292667468388874,0.5064160479376809,3.956000645955404,0.1888005544019351,relu,80,1e-06,0,30,0.01,0,1,0,8,7,0,"{'act': 'relu', 'batch_size': 80, 'decay': 1e-06, 'dropout': 0, 'epochs': 30, 'lr': 0.01, 'nl1': 0, 'nl2': 1, 'nl3': 0, 'nn1': 8, 'nn2': 7, 'nn3': 0}",-1.1478467277043065,-1.752035278154681,-1.074966078697422,-1.3249293386093839,0.30344618881371704,11
123,26.067999442418415,1.010842391204425,4.176334381103516,0.48532020421864613,relu,80,1e-06,0,30,0.01,0,1,0,8,8,0,"{'act': 'relu', 'batch_size': 80, 'decay': 1e-06, 'dropout': 0, 'epochs': 30, 'lr': 0.01, 'nl1': 0, 'nl2': 1, 'nl3': 0, 'nn1': 8, 'nn2': 8, 'nn3': 0}",-1.2678874194642251,-1.8558344640434192,-1.062754409769335,-1.3954776710005652,0.3360950373692253,31
124,26.647000948588055,0.4055690232994859,4.0130008061726885,0.285307934777346,relu,80,1e-06,0,30,0.01,0,1,0,9,7,0,"{'act': 'relu', 'batch_size': 80, 'decay': 1e-06, 'dropout': 0, 'epochs': 30, 'lr': 0.01, 'nl1': 0, 'nl2': 1, 'nl3': 0, 'nn1': 9, 'nn2': 7, 'nn3': 0}",-1.2275347575449305,-1.4460651289009498,-1.1879240162822253,-1.287167891464104,0.11350569075461801,6
125,26.528332789738972,0.9307432518656831,4.959668874740601,0.16744762364168705,relu,80,1e-06,0,30,0.01,0,1,0,9,8,0,"{'act': 'relu', 'batch_size': 80, 'decay': 1e-06, 'dropout': 0, 'epochs': 30, 'lr': 0.01, 'nl1': 0, 'nl2': 1, 'nl3': 0, 'nn1': 9, 'nn2': 8, 'nn3': 0}",-1.1261444557477112,-1.471506105834464,-1.0973541383989145,-1.231656302996043,0.16999188539461804,3
126,27.994667371114094,0.4161515430750146,4.4743343989054365,0.5492139750011013,relu,80,1e-06,0,30,0.01,1,1,0,7,7,0,"{'act': 'relu', 'batch_size': 80, 'decay': 1e-06, 'dropout': 0, 'epochs': 30, 'lr': 0.01, 'nl1': 1, 'nl2': 1, 'nl3': 0, 'nn1': 7, 'nn2': 7, 'nn3': 0}",-1.2115971515768056,-1.657394843962008,-1.0400271370420624,-1.3029960429621255,0.2601824895974621,9
127,28.80633346239726,0.834514128628336,4.3186672528584795,0.4860180562600966,relu,80,1e-06,0,30,0.01,1,1,0,7,8,0,"{'act': 'relu', 'batch_size': 80, 'decay': 1e-06, 'dropout': 0, 'epochs': 30, 'lr': 0.01, 'nl1': 1, 'nl2': 1, 'nl3': 0, 'nn1': 7, 'nn2': 8, 'nn3': 0}",-1.204476093591048,-1.8364993215739485,-1.1299185888738128,-1.3902769926512153,0.3169650190933099,28
128,27.35533332824707,0.9813368388070188,4.557675997416179,0.5938154203303418,relu,80,1e-06,0,30,0.01,1,1,0,8,7,0,"{'act': 'relu', 'batch_size': 80, 'decay': 1e-06, 'dropout': 0, 'epochs': 30, 'lr': 0.01, 'nl1': 1, 'nl2': 1, 'nl3': 0, 'nn1': 8, 'nn2': 7, 'nn3': 0}",-1.1498813157002374,-1.6329715061058345,-1.2798507462686568,-1.3542114188807235,0.20411395254807227,14
129,28.68133282661438,0.9572959095584606,4.04300061861674,0.11652599171836857,relu,80,1e-06,0,30,0.01,1,1,0,8,8,0,"{'act': 'relu', 'batch_size': 80, 'decay': 1e-06, 'dropout': 0, 'epochs': 30, 'lr': 0.01, 'nl1': 1, 'nl2': 1, 'nl3': 0, 'nn1': 8, 'nn2': 8, 'nn3': 0}",-1.0630722278738556,-1.4972862957937585,-1.130257801899593,-1.2301865460712267,0.19083356234833102,2
130,27.242000261942547,0.29587435358071035,4.573999961217244,0.27484201007477543,relu,80,1e-06,0,30,0.01,1,1,0,9,7,0,"{'act': 'relu', 'batch_size': 80, 'decay': 1e-06, 'dropout': 0, 'epochs': 30, 'lr': 0.01, 'nl1': 1, 'nl2': 1, 'nl3': 0, 'nn1': 9, 'nn2': 7, 'nn3': 0}",-1.1329264157341472,-1.3985753052917231,-1.0495251017639078,-1.1936687394007914,0.148825913055428,1
131,29.462666749954224,1.0743805253374032,4.992334683736165,1.1397679645842806,relu,80,1e-06,0,30,0.01,1,1,0,9,8,0,"{'act': 'relu', 'batch_size': 80, 'decay': 1e-06, 'dropout': 0, 'epochs': 30, 'lr': 0.01, 'nl1': 1, 'nl2': 1, 'nl3': 0, 'nn1': 9, 'nn2': 8, 'nn3': 0}",-1.1041030857917937,-1.6529850746268657,-1.210651289009498,-1.3225551158846807,0.23764451337495457,10
132,30.00133776664734,0.6905010575564291,5.705998341242473,0.8066638385881538,relu,80,1e-06,0,30,0.001,0,1,0,7,7,0,"{'act': 'relu', 'batch_size': 80, 'decay': 1e-06, 'dropout': 0, 'epochs': 30, 'lr': 0.001, 'nl1': 0, 'nl2': 1, 'nl3': 0, 'nn1': 7, 'nn2': 7, 'nn3': 0}",-1.3943709732112581,-1.8276797829036635,-1.4101085481682496,-1.5440361786319954,0.2006522026301663,72
133,32.160000483194985,2.9531839714141404,4.621015866597493,0.10589100210273643,relu,80,1e-06,0,30,0.001,0,1,0,7,8,0,"{'act': 'relu', 'batch_size': 80, 'decay': 1e-06, 'dropout': 0, 'epochs': 30, 'lr': 0.001, 'nl1': 0, 'nl2': 1, 'nl3': 0, 'nn1': 7, 'nn2': 8, 'nn3': 0}",-1.4259070871481858,-1.7632293080054273,-1.3568521031207599,-1.515319389485585,0.17753665205803806,67
134,31.175668557484943,1.6016672797944809,4.733999729156494,0.33320330144095534,relu,80,1e-06,0,30,0.001,0,1,0,8,7,0,"{'act': 'relu', 'batch_size': 80, 'decay': 1e-06, 'dropout': 0, 'epochs': 30, 'lr': 0.001, 'nl1': 0, 'nl2': 1, 'nl3': 0, 'nn1': 8, 'nn2': 7, 'nn3': 0}",-1.4157341471685316,-1.6713025780189958,-1.4080732700135685,-1.498360655737705,0.12231802956871449,63
135,28.560333490371704,0.09873186035044162,4.63633394241333,0.13402429514120578,relu,80,1e-06,0,30,0.001,0,1,0,8,8,0,"{'act': 'relu', 'batch_size': 80, 'decay': 1e-06, 'dropout': 0, 'epochs': 30, 'lr': 0.001, 'nl1': 0, 'nl2': 1, 'nl3': 0, 'nn1': 8, 'nn2': 8, 'nn3': 0}",-1.3275686673448626,-1.7581411126187245,-1.346675712347354,-1.4774448841153194,0.19861861888270368,55
136,30.023669481277466,1.596829958087189,4.930332740147908,0.7656691851192131,relu,80,1e-06,0,30,0.001,0,1,0,9,7,0,"{'act': 'relu', 'batch_size': 80, 'decay': 1e-06, 'dropout': 0, 'epochs': 30, 'lr': 0.001, 'nl1': 0, 'nl2': 1, 'nl3': 0, 'nn1': 9, 'nn2': 7, 'nn3': 0}",-1.4008138351983723,-1.7099728629579376,-1.3836499321573947,-1.4981345392877332,0.1499434408325161,62
137,29.27633198102315,0.152971853469216,4.300335089365642,0.18762033532033873,relu,80,1e-06,0,30,0.001,0,1,0,9,8,0,"{'act': 'relu', 'batch_size': 80, 'decay': 1e-06, 'dropout': 0, 'epochs': 30, 'lr': 0.001, 'nl1': 0, 'nl2': 1, 'nl3': 0, 'nn1': 9, 'nn2': 8, 'nn3': 0}",-1.3716514072566972,-1.8476933514246947,-1.2666214382632293,-1.4953080836630865,0.25281576833782576,60
138,30.753000100453693,0.40134036399530365,5.136333862940471,0.8115243850766528,relu,80,1e-06,0,30,0.001,1,1,0,7,7,0,"{'act': 'relu', 'batch_size': 80, 'decay': 1e-06, 'dropout': 0, 'epochs': 30, 'lr': 0.001, 'nl1': 1, 'nl2': 1, 'nl3': 0, 'nn1': 7, 'nn2': 7, 'nn3': 0}",-1.3648694472702612,-1.6896200814111262,-1.4443690637720488,-1.4996042962125495,0.13821491337078928,64
139,31.38900089263916,0.9045950112462866,5.21566645304362,1.1769369994286734,relu,80,1e-06,0,30,0.001,1,1,0,7,8,0,"{'act': 'relu', 'batch_size': 80, 'decay': 1e-06, 'dropout': 0, 'epochs': 30, 'lr': 0.001, 'nl1': 1, 'nl2': 1, 'nl3': 0, 'nn1': 7, 'nn2': 8, 'nn3': 0}",-1.392675483214649,-1.8483717774762551,-1.2262550881953866,-1.4890898812888638,0.26295819896662936,57
140,31.338000694910686,0.25311852707959787,5.121334473292033,0.103681495102467,relu,80,1e-06,0,30,0.001,1,1,0,8,7,0,"{'act': 'relu', 'batch_size': 80, 'decay': 1e-06, 'dropout': 0, 'epochs': 30, 'lr': 0.001, 'nl1': 1, 'nl2': 1, 'nl3': 0, 'nn1': 8, 'nn2': 7, 'nn3': 0}",-1.5201763309596474,-1.766282225237449,-1.328358208955224,-1.5382702091577163,0.1792290250244721,70
141,32.16733439763387,1.3370469642989689,5.002666155497233,0.6418993456622722,relu,80,1e-06,0,30,0.001,1,1,0,8,8,0,"{'act': 'relu', 'batch_size': 80, 'decay': 1e-06, 'dropout': 0, 'epochs': 30, 'lr': 0.001, 'nl1': 1, 'nl2': 1, 'nl3': 0, 'nn1': 8, 'nn2': 8, 'nn3': 0}",-1.3991183452017633,-1.80359565807327,-1.2801899592944368,-1.4942905596382137,0.22401823643690597,59
142,31.381999890009563,1.1951345244465883,4.489667018254598,0.15287853305050744,relu,80,1e-06,0,30,0.001,1,1,0,9,7,0,"{'act': 'relu', 'batch_size': 80, 'decay': 1e-06, 'dropout': 0, 'epochs': 30, 'lr': 0.001, 'nl1': 1, 'nl2': 1, 'nl3': 0, 'nn1': 9, 'nn2': 7, 'nn3': 0}",-1.321804001356392,-1.8578697421981003,-1.4430122116689281,-1.5408705483323912,0.22953090032235182,71
143,30.483667135238647,0.4530219936284872,4.6513352394104,0.30803305450343094,relu,80,1e-06,0,30,0.001,1,1,0,9,8,0,"{'act': 'relu', 'batch_size': 80, 'decay': 1e-06, 'dropout': 0, 'epochs': 30, 'lr': 0.001, 'nl1': 1, 'nl2': 1, 'nl3': 0, 'nn1': 9, 'nn2': 8, 'nn3': 0}",-1.4364191251271619,-1.7530529172320217,-1.3181818181818181,-1.502543810062182,0.18358166370721035,65
144,20.776002327601116,1.2927365792156198,5.292665481567383,0.6351707727061408,relu,80,1e-06,0.25,10,0.01,0,1,0,7,7,0,"{'act': 'relu', 'batch_size': 80, 'decay': 1e-06, 'dropout': 0.25, 'epochs': 10, 'lr': 0.01, 'nl1': 0, 'nl2': 1, 'nl3': 0, 'nn1': 7, 'nn2': 7, 'nn3': 0}",-2.8816547982366902,-0.7079375848032564,-3.83887381275441,-2.476201243640475,1.3098981148538447,97
145,20.74766739209493,0.6420592136372041,4.772001425425212,0.16703934220624433,relu,80,1e-06,0.25,10,0.01,0,1,0,7,8,0,"{'act': 'relu', 'batch_size': 80, 'decay': 1e-06, 'dropout': 0.25, 'epochs': 10, 'lr': 0.01, 'nl1': 0, 'nl2': 1, 'nl3': 0, 'nn1': 7, 'nn2': 8, 'nn3': 0}",-2.8816547982366902,-0.7079375848032564,-3.83887381275441,-2.476201243640475,1.3098981148538447,97
146,20.250333786010742,0.22403169359492064,5.551000754038493,1.2739347074540395,relu,80,1e-06,0.25,10,0.01,0,1,0,8,7,0,"{'act': 'relu', 'batch_size': 80, 'decay': 1e-06, 'dropout': 0.25, 'epochs': 10, 'lr': 0.01, 'nl1': 0, 'nl2': 1, 'nl3': 0, 'nn1': 8, 'nn2': 7, 'nn3': 0}",-2.8816547982366902,-0.7079375848032564,-3.83887381275441,-2.476201243640475,1.3098981148538447,97
147,21.52633269627889,0.7609992879157095,4.6926688353220625,0.01396002736107121,relu,80,1e-06,0.25,10,0.01,0,1,0,8,8,0,"{'act': 'relu', 'batch_size': 80, 'decay': 1e-06, 'dropout': 0.25, 'epochs': 10, 'lr': 0.01, 'nl1': 0, 'nl2': 1, 'nl3': 0, 'nn1': 8, 'nn2': 8, 'nn3': 0}",-2.8816547982366902,-0.7079375848032564,-3.83887381275441,-2.476201243640475,1.3098981148538447,97
148,19.736335039138794,0.11780594969191863,5.442999919255574,0.26458813311853974,relu,80,1e-06,0.25,10,0.01,0,1,0,9,7,0,"{'act': 'relu', 'batch_size': 80, 'decay': 1e-06, 'dropout': 0.25, 'epochs': 10, 'lr': 0.01, 'nl1': 0, 'nl2': 1, 'nl3': 0, 'nn1': 9, 'nn2': 7, 'nn3': 0}",-2.8816547982366902,-0.7079375848032564,-3.83887381275441,-2.476201243640475,1.3098981148538447,97
149,20.541667064030964,0.8174041829193905,5.296334425608317,0.3899746351399263,relu,80,1e-06,0.25,10,0.01,0,1,0,9,8,0,"{'act': 'relu', 'batch_size': 80, 'decay': 1e-06, 'dropout': 0.25, 'epochs': 10, 'lr': 0.01, 'nl1': 0, 'nl2': 1, 'nl3': 0, 'nn1': 9, 'nn2': 8, 'nn3': 0}",-2.8816547982366902,-0.7079375848032564,-3.83887381275441,-2.476201243640475,1.3098981148538447,97
150,21.210334062576294,0.16779536816613613,4.927667697270711,0.11314158430865387,relu,80,1e-06,0.25,10,0.01,1,1,0,7,7,0,"{'act': 'relu', 'batch_size': 80, 'decay': 1e-06, 'dropout': 0.25, 'epochs': 10, 'lr': 0.01, 'nl1': 1, 'nl2': 1, 'nl3': 0, 'nn1': 7, 'nn2': 7, 'nn3': 0}",-2.8816547982366902,-0.7079375848032564,-3.83887381275441,-2.476201243640475,1.3098981148538447,97
151,21.639326731363933,1.300662961481428,5.1633360385894775,0.40167321829507985,relu,80,1e-06,0.25,10,0.01,1,1,0,7,8,0,"{'act': 'relu', 'batch_size': 80, 'decay': 1e-06, 'dropout': 0.25, 'epochs': 10, 'lr': 0.01, 'nl1': 1, 'nl2': 1, 'nl3': 0, 'nn1': 7, 'nn2': 8, 'nn3': 0}",-2.8816547982366902,-0.7079375848032564,-3.83887381275441,-2.476201243640475,1.3098981148538447,97
152,21.69266716639201,0.9321819449078723,4.901674111684163,0.03467230215120191,relu,80,1e-06,0.25,10,0.01,1,1,0,8,7,0,"{'act': 'relu', 'batch_size': 80, 'decay': 1e-06, 'dropout': 0.25, 'epochs': 10, 'lr': 0.01, 'nl1': 1, 'nl2': 1, 'nl3': 0, 'nn1': 8, 'nn2': 7, 'nn3': 0}",-2.8816547982366902,-0.7079375848032564,-3.83887381275441,-2.476201243640475,1.3098981148538447,97
153,21.158333857854206,0.18185827011649264,5.177667220433553,0.3322072212866046,relu,80,1e-06,0.25,10,0.01,1,1,0,8,8,0,"{'act': 'relu', 'batch_size': 80, 'decay': 1e-06, 'dropout': 0.25, 'epochs': 10, 'lr': 0.01, 'nl1': 1, 'nl2': 1, 'nl3': 0, 'nn1': 8, 'nn2': 8, 'nn3': 0}",-2.8816547982366902,-0.7079375848032564,-3.83887381275441,-2.476201243640475,1.3098981148538447,97
154,22.08133347829183,0.9192421104715487,5.16233507792155,0.38845275187485784,relu,80,1e-06,0.25,10,0.01,1,1,0,9,7,0,"{'act': 'relu', 'batch_size': 80, 'decay': 1e-06, 'dropout': 0.25, 'epochs': 10, 'lr': 0.01, 'nl1': 1, 'nl2': 1, 'nl3': 0, 'nn1': 9, 'nn2': 7, 'nn3': 0}",-2.8816547982366902,-0.7079375848032564,-3.83887381275441,-2.476201243640475,1.3098981148538447,97
155,22.15399996439616,0.09210124655041953,4.92566704750061,0.06943705646877477,relu,80,1e-06,0.25,10,0.01,1,1,0,9,8,0,"{'act': 'relu', 'batch_size': 80, 'decay': 1e-06, 'dropout': 0.25, 'epochs': 10, 'lr': 0.01, 'nl1': 1, 'nl2': 1, 'nl3': 0, 'nn1': 9, 'nn2': 8, 'nn3': 0}",-2.8816547982366902,-0.7079375848032564,-3.83887381275441,-2.476201243640475,1.3098981148538447,97
156,21.83433524767558,0.8264464729624034,5.18999965985616,0.2659184783262934,relu,80,1e-06,0.25,10,0.001,0,1,0,7,7,0,"{'act': 'relu', 'batch_size': 80, 'decay': 1e-06, 'dropout': 0.25, 'epochs': 10, 'lr': 0.001, 'nl1': 0, 'nl2': 1, 'nl3': 0, 'nn1': 7, 'nn2': 7, 'nn3': 0}",-2.8816547982366902,-0.7079375848032564,-3.83887381275441,-2.476201243640475,1.3098981148538447,97
157,21.979667901992798,0.9639411126748378,4.999333381652832,0.12190580461968277,relu,80,1e-06,0.25,10,0.001,0,1,0,7,8,0,"{'act': 'relu', 'batch_size': 80, 'decay': 1e-06, 'dropout': 0.25, 'epochs': 10, 'lr': 0.001, 'nl1': 0, 'nl2': 1, 'nl3': 0, 'nn1': 7, 'nn2': 8, 'nn3': 0}",-2.8816547982366902,-0.7079375848032564,-3.83887381275441,-2.476201243640475,1.3098981148538447,97
158,21.760666767756145,0.33480062068005095,5.780000448226929,0.4843975904980468,relu,80,1e-06,0.25,10,0.001,0,1,0,8,7,0,"{'act': 'relu', 'batch_size': 80, 'decay': 1e-06, 'dropout': 0.25, 'epochs': 10, 'lr': 0.001, 'nl1': 0, 'nl2': 1, 'nl3': 0, 'nn1': 8, 'nn2': 7, 'nn3': 0}",-2.8816547982366902,-0.7079375848032564,-3.83887381275441,-2.476201243640475,1.3098981148538447,97
159,23.206334352493286,1.2458598374548595,5.789000034332275,0.2795688611849876,relu,80,1e-06,0.25,10,0.001,0,1,0,8,8,0,"{'act': 'relu', 'batch_size': 80, 'decay': 1e-06, 'dropout': 0.25, 'epochs': 10, 'lr': 0.001, 'nl1': 0, 'nl2': 1, 'nl3': 0, 'nn1': 8, 'nn2': 8, 'nn3': 0}",-2.8816547982366902,-0.7079375848032564,-3.83887381275441,-2.476201243640475,1.3098981148538447,97
160,22.934000968933105,0.24884246052718703,5.12300181388855,0.07977750372095402,relu,80,1e-06,0.25,10,0.001,0,1,0,9,7,0,"{'act': 'relu', 'batch_size': 80, 'decay': 1e-06, 'dropout': 0.25, 'epochs': 10, 'lr': 0.001, 'nl1': 0, 'nl2': 1, 'nl3': 0, 'nn1': 9, 'nn2': 7, 'nn3': 0}",-2.8816547982366902,-0.7079375848032564,-3.83887381275441,-2.476201243640475,1.3098981148538447,97
161,23.281665802001953,0.8105555191297883,5.676334460576375,0.32988125235869425,relu,80,1e-06,0.25,10,0.001,0,1,0,9,8,0,"{'act': 'relu', 'batch_size': 80, 'decay': 1e-06, 'dropout': 0.25, 'epochs': 10, 'lr': 0.001, 'nl1': 0, 'nl2': 1, 'nl3': 0, 'nn1': 9, 'nn2': 8, 'nn3': 0}",-2.8816547982366902,-0.7079375848032564,-3.83887381275441,-2.476201243640475,1.3098981148538447,97
162,23.826002677281696,0.3538382239587128,5.644664287567139,0.7288519059201505,relu,80,1e-06,0.25,10,0.001,1,1,0,7,7,0,"{'act': 'relu', 'batch_size': 80, 'decay': 1e-06, 'dropout': 0.25, 'epochs': 10, 'lr': 0.001, 'nl1': 1, 'nl2': 1, 'nl3': 0, 'nn1': 7, 'nn2': 7, 'nn3': 0}",-2.8816547982366902,-0.7079375848032564,-3.83887381275441,-2.476201243640475,1.3098981148538447,97
163,22.64299972852071,0.07229100340921775,5.459999958674113,0.31772734124924185,relu,80,1e-06,0.25,10,0.001,1,1,0,7,8,0,"{'act': 'relu', 'batch_size': 80, 'decay': 1e-06, 'dropout': 0.25, 'epochs': 10, 'lr': 0.001, 'nl1': 1, 'nl2': 1, 'nl3': 0, 'nn1': 7, 'nn2': 8, 'nn3': 0}",-2.8816547982366902,-0.7079375848032564,-3.83887381275441,-2.476201243640475,1.3098981148538447,97
164,23.907999992370605,1.0052033020346056,6.011667728424072,0.8590741025637489,relu,80,1e-06,0.25,10,0.001,1,1,0,8,7,0,"{'act': 'relu', 'batch_size': 80, 'decay': 1e-06, 'dropout': 0.25, 'epochs': 10, 'lr': 0.001, 'nl1': 1, 'nl2': 1, 'nl3': 0, 'nn1': 8, 'nn2': 7, 'nn3': 0}",-2.8816547982366902,-0.7079375848032564,-3.83887381275441,-2.476201243640475,1.3098981148538447,97
165,24.33666729927063,0.1277563963935656,5.28433354695638,0.030135821932835823,relu,80,1e-06,0.25,10,0.001,1,1,0,8,8,0,"{'act': 'relu', 'batch_size': 80, 'decay': 1e-06, 'dropout': 0.25, 'epochs': 10, 'lr': 0.001, 'nl1': 1, 'nl2': 1, 'nl3': 0, 'nn1': 8, 'nn2': 8, 'nn3': 0}",-2.8816547982366902,-0.7079375848032564,-3.83887381275441,-2.476201243640475,1.3098981148538447,97
166,23.48300011952718,0.7508412435128983,6.008667071660359,0.34572330860871414,relu,80,1e-06,0.25,10,0.001,1,1,0,9,7,0,"{'act': 'relu', 'batch_size': 80, 'decay': 1e-06, 'dropout': 0.25, 'epochs': 10, 'lr': 0.001, 'nl1': 1, 'nl2': 1, 'nl3': 0, 'nn1': 9, 'nn2': 7, 'nn3': 0}",-2.8816547982366902,-0.7079375848032564,-3.83887381275441,-2.476201243640475,1.3098981148538447,97
167,23.56500045458476,0.646891296758253,7.225000460942586,2.71683673250782,relu,80,1e-06,0.25,10,0.001,1,1,0,9,8,0,"{'act': 'relu', 'batch_size': 80, 'decay': 1e-06, 'dropout': 0.25, 'epochs': 10, 'lr': 0.001, 'nl1': 1, 'nl2': 1, 'nl3': 0, 'nn1': 9, 'nn2': 8, 'nn3': 0}",-2.8816547982366902,-0.7079375848032564,-3.83887381275441,-2.476201243640475,1.3098981148538447,97
168,41.13533488909403,0.728143628950611,5.944334665934245,0.4362105633017711,relu,80,1e-06,0.25,30,0.01,0,1,0,7,7,0,"{'act': 'relu', 'batch_size': 80, 'decay': 1e-06, 'dropout': 0.25, 'epochs': 30, 'lr': 0.01, 'nl1': 0, 'nl2': 1, 'nl3': 0, 'nn1': 7, 'nn2': 7, 'nn3': 0}",-2.8816547982366902,-0.7079375848032564,-3.83887381275441,-2.476201243640475,1.3098981148538447,97
169,39.30066704750061,1.831922671307458,6.609000285466512,0.872170328564866,relu,80,1e-06,0.25,30,0.01,0,1,0,7,8,0,"{'act': 'relu', 'batch_size': 80, 'decay': 1e-06, 'dropout': 0.25, 'epochs': 30, 'lr': 0.01, 'nl1': 0, 'nl2': 1, 'nl3': 0, 'nn1': 7, 'nn2': 8, 'nn3': 0}",-2.8816547982366902,-0.7079375848032564,-3.83887381275441,-2.476201243640475,1.3098981148538447,97
170,38.09633501370748,0.5418408239900352,7.009667634963989,0.2528992510619693,relu,80,1e-06,0.25,30,0.01,0,1,0,8,7,0,"{'act': 'relu', 'batch_size': 80, 'decay': 1e-06, 'dropout': 0.25, 'epochs': 30, 'lr': 0.01, 'nl1': 0, 'nl2': 1, 'nl3': 0, 'nn1': 8, 'nn2': 7, 'nn3': 0}",-2.8816547982366902,-0.7079375848032564,-3.83887381275441,-2.476201243640475,1.3098981148538447,97
171,40.87417268753052,0.7847778691041728,6.3823331991831465,0.85699079669599,relu,80,1e-06,0.25,30,0.01,0,1,0,8,8,0,"{'act': 'relu', 'batch_size': 80, 'decay': 1e-06, 'dropout': 0.25, 'epochs': 30, 'lr': 0.01, 'nl1': 0, 'nl2': 1, 'nl3': 0, 'nn1': 8, 'nn2': 8, 'nn3': 0}",-2.8816547982366902,-0.7079375848032564,-3.83887381275441,-2.476201243640475,1.3098981148538447,97
172,39.81334479649862,1.2225470500921818,7.210667371749878,2.1384102760627406,relu,80,1e-06,0.25,30,0.01,0,1,0,9,7,0,"{'act': 'relu', 'batch_size': 80, 'decay': 1e-06, 'dropout': 0.25, 'epochs': 30, 'lr': 0.01, 'nl1': 0, 'nl2': 1, 'nl3': 0, 'nn1': 9, 'nn2': 7, 'nn3': 0}",-2.8816547982366902,-0.7079375848032564,-3.83887381275441,-2.476201243640475,1.3098981148538447,97
173,39.56800031661987,0.3445364896345528,6.512002150217692,0.4008893368631548,relu,80,1e-06,0.25,30,0.01,0,1,0,9,8,0,"{'act': 'relu', 'batch_size': 80, 'decay': 1e-06, 'dropout': 0.25, 'epochs': 30, 'lr': 0.01, 'nl1': 0, 'nl2': 1, 'nl3': 0, 'nn1': 9, 'nn2': 8, 'nn3': 0}",-2.8816547982366902,-0.7079375848032564,-3.83887381275441,-2.476201243640475,1.3098981148538447,97
174,42.0260009765625,1.3246351132902205,6.731666485468547,0.6997899487408482,relu,80,1e-06,0.25,30,0.01,1,1,0,7,7,0,"{'act': 'relu', 'batch_size': 80, 'decay': 1e-06, 'dropout': 0.25, 'epochs': 30, 'lr': 0.01, 'nl1': 1, 'nl2': 1, 'nl3': 0, 'nn1': 7, 'nn2': 7, 'nn3': 0}",-2.8816547982366902,-0.7079375848032564,-3.83887381275441,-2.476201243640475,1.3098981148538447,97
175,42.95702354113261,2.8104203935348986,6.448311010996501,0.30471613467194686,relu,80,1e-06,0.25,30,0.01,1,1,0,7,8,0,"{'act': 'relu', 'batch_size': 80, 'decay': 1e-06, 'dropout': 0.25, 'epochs': 30, 'lr': 0.01, 'nl1': 1, 'nl2': 1, 'nl3': 0, 'nn1': 7, 'nn2': 8, 'nn3': 0}",-2.8816547982366902,-0.7079375848032564,-3.83887381275441,-2.476201243640475,1.3098981148538447,97
176,43.09433309237162,0.2531000748856149,8.371164242426554,0.08919436364988147,relu,80,1e-06,0.25,30,0.01,1,1,0,8,7,0,"{'act': 'relu', 'batch_size': 80, 'decay': 1e-06, 'dropout': 0.25, 'epochs': 30, 'lr': 0.01, 'nl1': 1, 'nl2': 1, 'nl3': 0, 'nn1': 8, 'nn2': 7, 'nn3': 0}",-2.8816547982366902,-0.7079375848032564,-3.83887381275441,-2.476201243640475,1.3098981148538447,97
177,46.56813224156698,3.3731089191837444,7.113750219345093,0.41166271192450454,relu,80,1e-06,0.25,30,0.01,1,1,0,8,8,0,"{'act': 'relu', 'batch_size': 80, 'decay': 1e-06, 'dropout': 0.25, 'epochs': 30, 'lr': 0.01, 'nl1': 1, 'nl2': 1, 'nl3': 0, 'nn1': 8, 'nn2': 8, 'nn3': 0}",-2.8816547982366902,-0.7079375848032564,-3.83887381275441,-2.476201243640475,1.3098981148538447,97
178,43.71166753768921,0.7843643480103025,6.41666579246521,0.06974715028419982,relu,80,1e-06,0.25,30,0.01,1,1,0,9,7,0,"{'act': 'relu', 'batch_size': 80, 'decay': 1e-06, 'dropout': 0.25, 'epochs': 30, 'lr': 0.01, 'nl1': 1, 'nl2': 1, 'nl3': 0, 'nn1': 9, 'nn2': 7, 'nn3': 0}",-2.8816547982366902,-0.7079375848032564,-3.83887381275441,-2.476201243640475,1.3098981148538447,97
179,44.97433431943258,3.769222953915764,7.20099949836731,1.1230703196308243,relu,80,1e-06,0.25,30,0.01,1,1,0,9,8,0,"{'act': 'relu', 'batch_size': 80, 'decay': 1e-06, 'dropout': 0.25, 'epochs': 30, 'lr': 0.01, 'nl1': 1, 'nl2': 1, 'nl3': 0, 'nn1': 9, 'nn2': 8, 'nn3': 0}",-2.8816547982366902,-0.7079375848032564,-3.83887381275441,-2.476201243640475,1.3098981148538447,97
180,41.6000010172526,1.6698191158151774,7.2233327229817705,1.4691454415518668,relu,80,1e-06,0.25,30,0.001,0,1,0,7,7,0,"{'act': 'relu', 'batch_size': 80, 'decay': 1e-06, 'dropout': 0.25, 'epochs': 30, 'lr': 0.001, 'nl1': 0, 'nl2': 1, 'nl3': 0, 'nn1': 7, 'nn2': 7, 'nn3': 0}",-2.8816547982366902,-0.7079375848032564,-3.83887381275441,-2.476201243640475,1.3098981148538447,97
181,40.53600160280863,0.30243503955985973,6.506665070851644,0.03812440991931399,relu,80,1e-06,0.25,30,0.001,0,1,0,7,8,0,"{'act': 'relu', 'batch_size': 80, 'decay': 1e-06, 'dropout': 0.25, 'epochs': 30, 'lr': 0.001, 'nl1': 0, 'nl2': 1, 'nl3': 0, 'nn1': 7, 'nn2': 8, 'nn3': 0}",-2.8816547982366902,-0.7079375848032564,-3.83887381275441,-2.476201243640475,1.3098981148538447,97
182,43.688807805379234,0.4943720588105512,9.120345513025919,2.852719819190916,relu,80,1e-06,0.25,30,0.001,0,1,0,8,7,0,"{'act': 'relu', 'batch_size': 80, 'decay': 1e-06, 'dropout': 0.25, 'epochs': 30, 'lr': 0.001, 'nl1': 0, 'nl2': 1, 'nl3': 0, 'nn1': 8, 'nn2': 7, 'nn3': 0}",-2.8816547982366902,-0.7079375848032564,-3.83887381275441,-2.476201243640475,1.3098981148538447,97
183,46.5080623626709,1.8436113260522806,7.157999674479167,0.43309192248378464,relu,80,1e-06,0.25,30,0.001,0,1,0,8,8,0,"{'act': 'relu', 'batch_size': 80, 'decay': 1e-06, 'dropout': 0.25, 'epochs': 30, 'lr': 0.001, 'nl1': 0, 'nl2': 1, 'nl3': 0, 'nn1': 8, 'nn2': 8, 'nn3': 0}",-2.8816547982366902,-0.7079375848032564,-3.83887381275441,-2.476201243640475,1.3098981148538447,97
184,41.77899972597758,1.2585487868606455,7.331001361211141,0.627954405378252,relu,80,1e-06,0.25,30,0.001,0,1,0,9,7,0,"{'act': 'relu', 'batch_size': 80, 'decay': 1e-06, 'dropout': 0.25, 'epochs': 30, 'lr': 0.001, 'nl1': 0, 'nl2': 1, 'nl3': 0, 'nn1': 9, 'nn2': 7, 'nn3': 0}",-2.8816547982366902,-0.7079375848032564,-3.83887381275441,-2.476201243640475,1.3098981148538447,97
185,43.24333914120992,1.3372640632174886,6.866327444712321,0.7280327903706637,relu,80,1e-06,0.25,30,0.001,0,1,0,9,8,0,"{'act': 'relu', 'batch_size': 80, 'decay': 1e-06, 'dropout': 0.25, 'epochs': 30, 'lr': 0.001, 'nl1': 0, 'nl2': 1, 'nl3': 0, 'nn1': 9, 'nn2': 8, 'nn3': 0}",-2.8816547982366902,-0.7079375848032564,-3.83887381275441,-2.476201243640475,1.3098981148538447,97
186,43.07300098737081,0.4917239999823341,6.994998931884766,0.17700551550847335,relu,80,1e-06,0.25,30,0.001,1,1,0,7,7,0,"{'act': 'relu', 'batch_size': 80, 'decay': 1e-06, 'dropout': 0.25, 'epochs': 30, 'lr': 0.001, 'nl1': 1, 'nl2': 1, 'nl3': 0, 'nn1': 7, 'nn2': 7, 'nn3': 0}",-2.8816547982366902,-0.7079375848032564,-3.83887381275441,-2.476201243640475,1.3098981148538447,97
187,46.22466746966044,1.9778839355691276,7.182667334874471,0.5689377060011114,relu,80,1e-06,0.25,30,0.001,1,1,0,7,8,0,"{'act': 'relu', 'batch_size': 80, 'decay': 1e-06, 'dropout': 0.25, 'epochs': 30, 'lr': 0.001, 'nl1': 1, 'nl2': 1, 'nl3': 0, 'nn1': 7, 'nn2': 8, 'nn3': 0}",-2.8816547982366902,-0.7079375848032564,-3.83887381275441,-2.476201243640475,1.3098981148538447,97
188,46.65533455212911,2.4642567065430674,7.0786653359731035,0.2571770763813277,relu,80,1e-06,0.25,30,0.001,1,1,0,8,7,0,"{'act': 'relu', 'batch_size': 80, 'decay': 1e-06, 'dropout': 0.25, 'epochs': 30, 'lr': 0.001, 'nl1': 1, 'nl2': 1, 'nl3': 0, 'nn1': 8, 'nn2': 7, 'nn3': 0}",-2.8816547982366902,-0.7079375848032564,-3.83887381275441,-2.476201243640475,1.3098981148538447,97
189,45.12266723314921,1.9997732717107692,7.342665672302246,0.3421422633995567,relu,80,1e-06,0.25,30,0.001,1,1,0,8,8,0,"{'act': 'relu', 'batch_size': 80, 'decay': 1e-06, 'dropout': 0.25, 'epochs': 30, 'lr': 0.001, 'nl1': 1, 'nl2': 1, 'nl3': 0, 'nn1': 8, 'nn2': 8, 'nn3': 0}",-2.8816547982366902,-0.7079375848032564,-3.83887381275441,-2.476201243640475,1.3098981148538447,97
190,46.3063329855601,2.4008416300991775,7.329668760299683,0.6098307558038693,relu,80,1e-06,0.25,30,0.001,1,1,0,9,7,0,"{'act': 'relu', 'batch_size': 80, 'decay': 1e-06, 'dropout': 0.25, 'epochs': 30, 'lr': 0.001, 'nl1': 1, 'nl2': 1, 'nl3': 0, 'nn1': 9, 'nn2': 7, 'nn3': 0}",-2.8816547982366902,-0.7079375848032564,-3.83887381275441,-2.476201243640475,1.3098981148538447,97
191,45.25533239046732,1.003003829572941,5.630163510640462,0.3399397474212401,relu,80,1e-06,0.25,30,0.001,1,1,0,9,8,0,"{'act': 'relu', 'batch_size': 80, 'decay': 1e-06, 'dropout': 0.25, 'epochs': 30, 'lr': 0.001, 'nl1': 1, 'nl2': 1, 'nl3': 0, 'nn1': 9, 'nn2': 8, 'nn3': 0}",-2.8816547982366902,-0.7079375848032564,-3.83887381275441,-2.476201243640475,1.3098981148538447,97
